4647
5184
5830
1896
10913
673
2261
8243
64093
5190
2314
124590
5894
1723
84100
65217
4088
79659
3481
9409
5077
9126
2121
3691
2200
5193
64324
1910
27241
64840
50937
3889
1302
7020
51057
7840
641
10743
80184
5573
5195
2737
2068
6663
7046
2657
5727
137814
128178
80144
6591
57194
10804
129880
147912
81794
8626
9496
4281
2138
4010
7399
3868
6496
7050
80326
1387
3265
4204
5824
11005
91147
2074
4626
8195
79955
5818
79738
55670
5192
7466
7401
64072
132884
1837
6901
585
1908
22954
8517
8504
2033
207
3643
117581
55212
182
10083
341640
55636
493856
4952
374654
1161
4239
7547
2736
7546
54903
136647
3887
79809
4792
6495
7405
7337
123016
2071
8481
4838
1028
25836
25861
6469
1717
55997
583
4750
404672
7048
57514
4286
4487
166379
6899
4853
5728
5317
84059
5781
57539
5828
582
3892