3569
23274
10554
9474
10255
387103
10558
7412
84162
394263
442257
4234
5133
53832
644020
22898
131368
7919
352961
2914
3710
54536
919
6927
25865
5820
56984
57661
55024
3481
7936
53347
3009
64288
1460
283598
5696
8741
4280
100133941
79692
121260
11181
780
79970
942
56169
1493
50943
8320
3106
387046
283165
3309
55876
5573
55584
22979
1512
5491
80736
7741
6890
1134
10318
1041
6583
5078
353006
26147
729816
83737
6048
1786
9844
10666
1285
51646
135656
6775
6565
4277
547
3119
3109
440836
639
11118
10340
51062
1235
116379
84769
449492
7128
868
5460
359758
375616
399
8341
3132
3559
6665
721
389715
3116
2135
22925
5747
5796
8870
1236
4758
958
554251
8897
407977
1591
4439
3092
10538
29113
55384
2315
3135
8935
6311
114904
677
6821
1594
200734
23534
3630
150223
355
1997
26191
65125
10125
80760
115352
5788
100189529
7132
116935
387117
259308
80069
841
80737
29777
344462
646702
400223
3123
3107
6891
55315
414777
4795
723961
2213
169792
57705
965
100130988
55937
64332
11116
388011
10919
921
3172
7100
387122
6605
440387
3586
23498
100131609
430
100271063
3394
843
720
3899
64135
100271203
4279
3118
83648
63940
100129192
326
640
9517
730070
678
7253
267016
8635
54665
1234
81606
160365
81797
6148
117289
346171
199
100271600
399716
4282
394254
90355
11120
23
3087
27120
349158
4295
344423
25780
3122
8449
100270925
7916
164832
78994
9071
8859
449493
3075
3516
147
10019
3684
221527
2065
6753
717
356
100130889
3112
3663
6231
148867
60468
2743
4008
246778
7292
267014
286016
6774
267017
7332
645950
629
10892
5771
11277
57827
5376
353011
10320
167826
389203
2113
5341
54899
10461
4803
100189539
5428
26471
26797
7917
7148
57713
11170
3702
23095
3127
353002
84991
285834
54207
9374
7297
147409
4855
969
474354
8518
3593
190
1145
2294
80018
1380
5966
100271271
7054
84547
100130756
100270827
54806
1797
1504
150280
55423
8740
23569
267015
100189469
8477
170679
3120
9526
10665
2516
3117
4914
7918
2741
5594
3305
100293534
259197
253018
7185
79722
11262
1773
55328
3304
150221
139716
401250
923
1656
23242
6366
115509
64375
54414
4276
3687
221584
80862
57176
56244
29121
6941
3575
352997
3976
696
152100
5211