5251
5447
23657
501
864
8074
2131
25949
4049
415
7253
5191
2261
389434
51082
1435
1280
1311
10758
2690
79659
142680
2121
652411
54510
7421
100129584
60681
2200
344423
8675
6777
10085
6949
100271278
2693
1836
64840
10678
147
8878
392255
1297
23046
10491
9755
1482
79158
57192
150538
7058
390283
79577
8707
8483
2692
7080
8540
2737
9241
5727
10660
9533
22918
2697
3339
10312
729816
81794
121340
1278
79574
3239
3837
149233
1186
1387
7124
1299
10133
4488
2074
2132
5167
8443
10683
6528
391282
6399
139285
4318
4591
1277
54829
8792
51059
132884
3593
6452
25978
4758
64175
50506
196527
4148
51752
5966
10682
284274
9842
1594
2033
207
760
59341
1184
50964
9658
7291
860
7056
389136
267015
10584
351143
3977
1298
400867
2316
1161
100270956
2688
5176
5745
2260
9451
952
4313
3107
23592
2254
405753
28962
64327
5479
4055
169792
4982
120227
7038
871
7474
8481
9469
4276
3844
8200
8022
4750
8820
7227
205327
100169835
1513
9401
5352
4853
5728
2263
4041
57539
8600
3248
7040
200728
84572
100507436
1758
2778