5447
2131
8443
10683
6528
6399
139285
415
7253
5191
2261
389434
1277
4591
8792
51082
132884
6452
64175
50506
4148
1280
1311
2690
10682
9842
2033
79659
207
760
59341
2121
50964
7291
60681
860
2200
3977
6777
6949
1298
2693
1836
2316
1161
64840
2688
5176
5745
392255
2260
1297
9451
10491
1482
4313
23592
2254
405753
2692
7080
28962
8540
2737
64327
5479
9241
169792
5727
8481
7038
9533
871
7474
9469
2697
8200
3339
10312
8022
81794
121340
1278
4750
8820
3239
7227
1186
1513
9401
5352
4853
5728
1387
2263
4041
8600
57539
1299
7040
4488
2074
2132
2778