203238
5071
2896
55103
215
10020
55775
5257
6326
351
3786
2731
8893
1141
2760
2629
9049
10913
6658
170302
5836
6403
2184
1008
5190
8890
10452
5160
5476
9108
4524
4724
84100
285362
378884
945
7473
8912
162540
338399
374291
51435
56922
5009
10228
100048912
26503
1981
1006
5663
5193
644150
950
926
85453
6712
5264
540
27241
1355
80184
2259
9570
875
472
2921
55145
2692
5195
8622
147081
157708
4538
23209
51204
445
23607
3785
8891
64231
4137
5308
2580
1476
51338
2997
54840
5824
348
10404
25902
2542
91147
114798
54664
643680
8195
55670
79738
100271506
3897
5192
5521
6101
100270961
450234
9211
1822
3708
1861
338567
25978
4758
1191
55129
241
773
9640
427
6311
3736
5092
7305
4336
4598
64374
95
10347
55212
5354
1373
65125
3251
7157
8301
343641
729075
1181
538
5189
1495
2517
166336
11315
63976
728299
374654
593
25793
85300
9131
80704
54903
9451
952
5255
339263
79809
81615
26766
339761
51205
6239
23345
146057
1378
26058
4728
2562
1967
9445
123016
846
2041
5660
401884
54805
2592
79031
10939
8022
8938
4535
57111
785
100128646
23400
9179
166379
6908
5053
84059
80025
582
341
84572
55737
2548
84286
3242
2778
5626
2153
4668
54209
120892
2670
344558
92949
5830
23666
23036
3073
5191
1330
27074
146227
51
1629
23636
5582
9409
4905
8398
144165
2512
3074
9627
2563
3122
2582
4854
6792
2717
4541
56979
283226
65018
6346
477
6609
1135
2565
51057
27429
114134
1471
79158
57192
6310
25814
114327
340024
400591
5261
9846
2737
8934
3198
57674
23435
1946
23064
435
1282
337880
3565
5144
5224
129880
255928
11277
27072
4536
84660
10165
2584
2554
23189
4508
5428
90627
9811
253782
6389
66037
5621
154881
6834
1636
2566
5819
3184
5162
2581
29119
9037
6263
2147
1585
275
132789
443
646583
6507
2653
8892
2043
4035
10528
4537
64321
7054
585
2571
22954
3064
5194
1137
5080
51128
8504
442524
79054
100129583
4723
2395
383
23431
3748
747
5091
3662
1738
4952
411
2720
2688
6314
5664
254428
83943
5654
4973
7957
56997
5236
4864
56652
4815
57465
6323
2998
5256
10895
80036
4862
59
5583
5932
7345
5860
1352
23271
6622
583
8820
410
130013
274
5173
10157
4287
285513
10577
6335
6898
594
4540
5828
2934
454