5162
2581
55670
215
2670
5192
10020
5257
5830
1585
2731
2629
275
2760
3073
5191
443
5836
2184
2653
51
4758
1629
5190
4537
5160
5476
5092
427
5194
51128
285362
8504
9409
4598
95
5354
4723
374291
383
5009
3074
1373
3251
26503
538
2582
5193
5189
5091
2717
2517
4541
1738
4952
411
2720
5264
540
593
6609
1355
9131
5255
1471
79158
57192
5236
4864
875
340024
4728
5261
2998
5195
5256
4538
5660
435
2592
5860
51204
445
1352
5224
4535
410
10165
2584
10157
4508
5428
10577
5053
6898
2997
6389
5824
348
594
4540
2542
5828
84572
6834
2548
3242