203238
5921
10255
23171
79934
351
387882
340198
84722
673
10371
7369
57057
6403
120114
1008
5294
352961
1909
113189
221692
2702
7139
282996
88
29761
5894
27436
25903
1723
11245
4524
217
153090
4088
5444
22822
6943
65264
27063
84898
100048912
4280
7709
4629
5663
2022
1879
6261
780
100270908
201456
3595
25817
3762
1284
7804
595
144638
948
23414
3106
4646
10743
1482
1804
83544
340351
3753
23007
5573
1756
9992
472
2921
859
7414
100127911
7015
54984
85366
8622
10021
729992
7046
157708
9509
26031
4538
23209
28
3759
55801
8048
51741
79614
729816
51422
6031
128611
7134
4851
23302
149233
80310
100131893
2218
7092
11278
5308
3458
168455
348
25902
9531
100147818
3845
7273
4893
4048
100130537
56996
100271506
4878
6101
287
653163
3920
100270961
3077
3988
1277
8997
100130239
441525
8870
23389
55109
241
4040
153339
6736
29113
70
3135
659
91461
79188
51320
55521
170690
55036
1674
1824
92579
65125
8777
169044
284252
100271444
729075
1495
390345
56899
8658
84159
116935
783
728299
10151
10866
8701
25871
9960
1071
2212
3107
4624
26766
401492
339761
255738
51205
4978
7405
4089
9445
83605
4838
54805
6654
345895
775
8938
814
347273
11155
4535
5340
23022
85397
1874
5350
387122
266722
3586
4311
771
83417
54880
6899
4853
286144
79822
49855
1308
55759
5781
25771
221421
11285
341
143872
55172
9722
57118
64446
283849
2153
1832
3717
128609
11173
10008
3728
7137
353010
520
6662
267016
2261
1330
100271596
375056
54535
2006
6148
285600
9709
4625
22808
10142
7468
11235
368
79659
343727
728553
79660
8557
4340
3782
80896
23293
7247
1829
7809
51530
55133
27019
2200
84439
51314
4854
4018
2717
652
4541
10060
94
340596
3784
56979
114036
121536
2070
6346
2160
2565
3431
1471
677828
79750
100130889
3781
353007
1952
23522
400591
3741
57172
5593
6324
2657
57674
8882
137814
1946
337880
401470
2697
1282
3565
4634
125972
5144
284217
7905
4094
387101
27072
1278
10512
353011
51778
54986
889
3827
1281
7428
50945
90627
23768
1290
151126
10529
7917
6640
6389
143098
6597
66037
283652
55742
79192
4626
1636
4607
7112
3184
10400
4205
9037
6263
2581
285834
153020
2147
463
2099
387119
132789
63951
51305
646583
55800
5054
4000
1837
2043
4035
22882
170680
4638
6901
100128390
401237
57608
64321
3757
91624
2626
6331
51128
84441
58504
4633
91653
182
8613
28951
81832
3152
83478
51196
51438
6444
267015
11216
129684
100270844
3662
170679
1767
2316
6262
78987
29994
7547
57158
503648
64848
183
7021
5664
100147745
6387
4973
5654
1289
2161
100271434
253018
4815
2266
5351
6442
10895
80036
59
5583
5932
4276
100270983
285829
2890
9452
80862
3667
7306
55997
710
7048
154215
80271
339829
123872
23294
6335
392374
55973
7168
98
6330
4540
347704
2934
131118
490
5629
2243
5318