203238
5071
2896
55103
215
6647
10020
55775
5257
6326
351
3786
2731
2629
1141
2760
8893
9049
10913
6658
23025
5836
170302
6403
2184
1008
5190
2617
8890
10452
5160
5476
9108
4524
4724
84100
285362
378884
945
7473
8912
162540
338399
374291
51435
56922
5009
10228
100048912
26503
1981
203228
1006
5663
5193
644150
950
926
85453
79970
6712
81622
7098
5264
540
27241
1355
3778
1804
80184
2259
9570
875
472
2921
55145
2692
7080
5195
8622
147081
157708
4538
23209
51204
445
4744
29978
23607
3785
8891
64231
4137
5308
2580
1476
51338
2997
54840
5824
348
10404
25902
91147
2542
10133
114798
54664
1814
643680
8195
55670
79738
100271506
3897
5192
5521
6101
100270961
450234
9211
1822
3708
1861
338567
25978
4758
1191
55129
241
773
9640
26580
5092
427
3736
6311
7305
57679
4336
4598
64374
95
155061
55212
5354
10347
1373
9896
65125
3251
7157
8301
343641
729075
1181
538
5189
6606
1495
2517
166336
7132
11315
63976
728299
374654
593
25793
56832
85300
9131
80704
112476
54903
9451
952
5255
339263
79809
81615
26766
339761
51205
6239
23345
146057
1378
26058
4728
2562
1967
9445
7337
123016
846
2041
5660
401884
54805
2592
79031
10939
8022
8938
4535
57449
57111
785
100128646
23400
9179
166379
7074
6908
5053
84059
80025
7415
582
22920
84572
341
23230
55737
2548
84286
367
3242
2778
5626
2153
4668
54209
120892
2670
1639
344558
92949
5830
23666
23036
3073
5191
1330
998
27074
146227
51
1629
23636
5582
9409
4905
8398
144165
2512
3074
9627
2563
3122
2582
4854
6792
2717
4541
56979
283226
54822
65018
6346
3508
477
6609
1135
2565
51057
27429
114134
1471
79158
57192
6310
25814
55277
114327
340024
400591
5261
2743
9846
2737
8934
3198
57674
23435
1946
23064
435
1282
337880
3565
57194
5144
5224
129880
255928
11277
27072
4536
84660
10165
2584
2554
23189
4508
5428
90627
9811
253782
6389
4204
66037
5621
154881
6834
1636
2566
5819
3184
5162
2581
29119
9037
6263
283
2147
1585
275
132789
443
9217
646583
6507
2653
8892
2043
4035
10528
4537
64321
7054
22954
585
2571
5194
3064
1137
5080
51128
8504
400403
442524
79054
100129583
59341
4723
2395
383
23431
3748
747
5091
3662
1738
4952
411
2720
2521
2688
6314
5664
2741
6607
83943
5654
7957
4973
56997
254428
5236
4864
84894
56652
4815
57465
6323
2998
5256
10895
80036
4862
59
5583
5932
7345
5860
1352
23271
6622
583
8820
410
130013
274
5173
10157
4287
285513
10577
6335
6898
4540
594
5828
7443
2934
454