8927
402569
3717
4046
2042
150962
221416
653437
1499
673
64170
1611
100271596
5157
54535
146198
728010
2805
57609
8204
4088
27030
343727
2615
4072
5290
5462
5606
999
7422
728615
57154
652
7850
1910
6447
55892
147
9966
644540
5307
5395
400935
127281
3663
3084
55876
10171
8764
79695
4092
3577
3554
9555
1601
2956
23308
2668
54361
5979
167826
8667
149233
639
3458
4763
6581
26585
4436
220959
51750
120376
7128
54546
140717
375616
2308
55722
862
3127
3132
124626
257177
391282
657
4522
159296
3593
85415
2294
23252
1908
11221
207
1811
2859
2768
1001
8771
4595
400867
1738
11315
9923
8313
5734
327
324
466
3911
2212
643503
4485
4292
120400
6550
219771
8209
4089
100129306
4512
8929
100271520
650
55765
3579
3172
7048
7227
3575
2835
3586
7486
401475
100271063
3394
56946
57511
2778