5251
79803
138050
10558
100132286
55812
3918
189
5624
2731
10913
389434
7369
5836
57057
2314
8291
919
1747
1280
5820
54657
2253
5871
54820
9126
3850
374291
3691
5009
6535
4901
51074
8675
778
79628
1910
79728
50937
4513
392255
121512
22948
2165
83544
80184
3753
9570
2259
8139
875
675
3679
1103
859
7414
84342
7015
7080
5195
8540
10021
27032
10312
147912
121340
9990
8626
2109
9313
2203
6197
6496
23133
1387
3265
5824
1589
3000
5145
114798
3845
5373
4893
5192
2312
5521
204
29929
79053
4591
284654
6340
4758
7036
773
6736
55343
6311
7507
1806
55036
57165
3643
1824
92579
9896
3293
7157
4166
343641
5048
286
538
6606
9516
9380
783
374654
2189
5176
5993
5255
1287
145226
2254
405753
762
1258
120227
7038
4838
80208
2592
6654
25861
65109
50617
4750
3291
785
90411
5538
5889
2632
6899
6908
5728
84059
7536
6710
55065
80025
6329
2244
672
16
5830
7137
1896
1586
5191
1798
7439
1629
4625
2652
11141
11235
2690
3690
5339
10661
51314
8842
5913
6100
64324
2157
6609
10084
1729
1302
7020
7840
3040
6135
356
4689
6231
6310
1584
2895
3914
2737
9533
2705
435
10479
4634
125972
80144
668
5224
9496
10165
2584
57152
54875
6640
57190
6389
2072
5961
11005
26504
1636
5017
4627
1200
7879
84343
5167
23503
10483
959
6528
342808
7249
9180
8518
190
2653
6452
1145
6445
50506
4537
91624
5080
2033
127534
8988
7299
4688
182
860
6446
84839
747
5091
2978
55636
84140
1536
9215
825
9526
2979
7547
224
2260
5498
7957
5972
5654
57477
23418
2266
1497
4210
2998
1075
1028
84871
139363
3476
55997
583
404672
79796
10516
4286
8322
8565
1123
6898
7168
80207
4540
5828
8241
1758
5318
493753
2812
55775
1244
4593
170302
64093
1029
1723
5476
55640
3674
7849
84100
6855
285362
65217
3481
27063
142680
26839
6204
26503
2010
269
2022
5193
4920
6712
5264
27241
50943
1355
9733
948
23414
5573
1291
89781
55215
2068
643418
6890
7046
9509
1134
9289
8048
525
51422
2245
64218
7134
201163
2138
4548
3872
6524
7399
2218
5896
7092
2334
5831
10397
51062
3028
81857
2542
4488
1893
10908
8195
1785
4747
79955
6439
65266
34
6101
8443
287
10683
64072
23111
359775
2035
346007
26277
1908
3798
5092
3736
30813
81846
84733
114182
4598
80331
4539
5354
1373
242
440138
5289
9382
2517
166336
2990
4507
79783
1161
3854
8701
54903
3887
255738
9459
4728
7287
5479
8929
83605
6569
1027
6862
9499
2110
10585
5660
345895
10939
2719
56606
114548
6519
26119
166379
4552
59344
11281
4023
1340
24
147381
7253
1593
146227
8243
2006
5897
55135
6295
50846
546
54658
11023
8292
79659
368
8398
91662
40
3848
130557
4514
19
6165
6777
79667
91056
4359
3561
3849
3858
51057
80781
2177
186
340024
5261
2235
6324
79152
2657
2055
23064
53940
2956
10804
4221
255928
5376
3239
4536
4010
185
3827
25839
50945
91869
4763
5096
4436
4204
5621
6834
4983
123606
7466
7401
4522
275
118813
64175
585
112817
3757
5194
2108
83394
5631
1184
4723
1406
6444
4595
2182
57094
411
4247
6262
78987
3930
6314
10210
10117
7546
3081
83943
3860
6338
56997
2161
5236
4864
6448
2162
2683
28976
79087
3815
8905
8481
1296
5860
653361
268
6469
79840
710
1140
37
5158
5314
4487
256471
6330
3892
7476
4519
27042
5184
8074
23171
6326
51251
3786
2760
51151
27034
7102
5190
113189
10466
6094
124590
23545
335
5265
203859
1634
51114
7421
347733
338917
950
779
6716
2588
56169
540
3640
3373
1293
347344
641
9203
5395
9992
1286
6121
4117
2159
3931
85366
8622
2273
6770
2175
3664
4538
128178
51204
3759
8898
148738
3785
2706
547
178
388552
7050
55624
2997
2132
10075
4214
2155
79738
3897
4948
657
1861
2892
132884
116442
5995
3043
210
55129
26580
35
70
122042
1121
388939
64374
7291
3145
857
57531
158866
91949
1144
593
841
7552
4624
116085
9897
7405
149998
4089
123016
169792
3098
7474
9997
65055
375298
3420
3295
3981
54507
6794
11234
3284
4976
55975
1513
9401
462
4853
5053
1308
29954
79147
2332
11285
582
84572
2548
367
3242
2778
9517
4647
6103
2670
1778
175
3073
5649
2261
57167
847
4014
51082
488
1643
10559
3236
6687
3853
286077
8242
9409
8557
2121
4069
7504
118429
1259
4854
1760
2717
3730
94
57096
9197
284382
2160
653509
1471
57192
3084
4125
6657
25814
55651
1834
1201
137814
257397
6559
4306
57194
81794
129880
2668
7555
5979
51778
10461
4803
1281
988
4508
1290
7592
80326
265
84061
154881
4626
9094
7051
5429
23095
3857
2581
5784
6125
5892
2639
443
285489
4935
23314
22954
4669
2626
8517
8504
760
79947
9907
117581
4633
338
27329
7490
3141
3423
8106
4942
1675
2176
1738
8754
1767
4952
3039
1371
4239
11136
2736
183
7021
6567
1641
1509
6607
1289
3329
2664
56652
1294
6442
1180
5256
64327
2071
8200
25836
3859
7306
6201
4547
8820
4351
6443
5173
4287
4126
7486
6335
7117
7391
594
7040
5146
1828
2243
26258
5447
5921
2539
215
4867
10020
2131
5257
6299
84062
11127
2629
673
6658
10002
2184
3315
2617
7139
9782
5894
5160
2290
6683
284119
4524
64421
378884
4088
2615
139189
5077
60675
60681
57698
26154
10594
6949
2693
8546
7454
25794
388698
3762
8671
5063
8320
23224
54332
26121
10743
10491
1482
1756
472
55145
9241
6663
6514
4261
27286
445
22845
6591
1292
2707
212
1786
1285
2492
26260
3868
4771
1476
5148
54840
348
2073
91147
2074
7273
5818
55670
2158
3077
3920
1080
3988
1277
3708
100505503
1959
50939
84233
23389
6102
7508
9640
339210
427
79188
1594
207
57716
4015
95
355
55212
50964
10083
85365
65125
3251
7248
24140
341640
5189
54982
768206
128674
8573
23218
126410
30061
4313
79809
92211
6891
23345
146057
7337
81839
8813
775
1717
36
4535
4653
3998
5350
9420
90167
54880
24148
843
5781
56946
221421
57539
23230
6337
55172
64446
7841
2153
1832
10008
6218
3728
7045
6662
120
29914
57502
6010
6708
7389
51
2815
10142
6229
5582
5095
5837
3655
4072
7390
6611
144165
3074
1829
2200
2178
27019
55505
23096
10195
157570
2582
4541
1741
3784
2799
3075
64840
51324
7319
3889
146059
9927
55120
10128
8450
83959
249
79158
5307
6935
6223
344
26353
7450
9968
5727
229
2623
2697
412
1203
9129
1278
4281
1736
200576
5213
2318
5428
23020
686
4607
3735
3702
30008
6521
3861
7276
3257
5162
728458
2147
5456
1585
6017
6507
55800
4000
57817
1837
7846
2294
10564
10528
6901
213
338376
3064
2038
6331
51128
3852
4154
59341
3939
2395
383
4990
3748
6341
641339
3909
22999
493856
2720
2316
1807
2516
4914
57158
28956
10159
2018
324
1545
136647
4792
5994
6495
4292
5351
4512
3614
6440
8625
871
9622
1352
11200
56052
254065
6014
10555
7048
410
57514
339829
123872
116519
10157
3425
5352
10577
5317
2263
4041
7443
2538
2187
3949