5447
5921
27042
10558
5184
4867
3918
6299
10913
673
170302
57057
64093
3315
5190
2314
113189
2617
1747
1280
124590
5894
1723
5820
6683
55640
4524
7849
84100
65217
4088
2253
3481
54820
139189
5077
9126
27063
60675
26839
3691
57698
26154
347733
269
2022
338917
5193
4920
6949
79628
1910
6716
5264
3762
27241
50937
3640
56169
392255
121512
1293
22948
8320
23414
54332
641
10743
1482
80184
83544
3753
5573
9992
8139
1286
1291
3679
859
7015
5195
643418
9241
2068
6663
6770
7046
9509
3664
128178
9289
3759
8898
6591
147912
1292
9990
51422
8626
1786
1285
2138
9313
4548
3872
2492
547
7399
3868
7092
2218
2334
6496
7050
10397
1387
3265
51062
81857
5824
1589
2073
91147
4488
2074
3845
10908
4893
8195
4214
1785
4747
79955
5818
79738
55670
3897
2312
5192
287
10683
64072
23111
1277
132884
284654
1959
23389
7508
26277
6736
26580
1908
339210
70
122042
3798
81846
79188
84733
7507
207
57716
55036
3643
57165
1824
5354
92579
55212
7291
9896
10083
3293
242
7248
65125
5048
341640
9516
128674
374654
1161
3854
126410
8701
54903
3887
4313
4624
79809
9897
1287
2254
7405
4089
7337
123016
8929
81839
83605
6862
4838
10585
80208
65055
6654
345895
3295
25861
775
1717
54507
3284
4750
4653
9420
166379
6899
54880
9401
4853
5728
84059
1308
79147
4552
2332
59344
5781
57539
221421
11285
582
55172
367
9517
64446
1832
4647
3728
16
147381
5830
1896
1778
6662
120
1586
5649
5191
2261
51082
8243
1643
3236
6687
55135
3853
10142
50846
11235
286077
11023
368
9409
79659
5339
3655
2121
3848
144165
1829
2200
27019
51314
55505
157570
3730
94
64324
4359
3784
9197
64840
51324
3849
3889
3858
9927
1302
7020
7840
51057
5307
3084
6657
1584
80781
3914
55651
1834
2737
26353
79152
2657
5727
9533
137814
2705
2697
412
80144
57194
81794
129880
10804
2668
9496
1278
4281
5376
5979
3239
4010
1736
4803
3827
1281
988
50945
1290
80326
6640
57190
2072
4204
11005
265
4626
3735
4627
7051
7879
23095
5429
3861
123606
23503
5784
7466
7401
4522
342808
7249
8518
4000
190
6452
118813
1837
7846
10564
6901
23314
22954
585
3757
2626
8517
6331
5080
8504
2033
3852
8988
9907
117581
59341
5631
182
4990
860
7490
3909
55636
493856
4952
1767
9215
2316
6262
2516
78987
4239
7547
224
4914
2736
2260
10117
2018
7021
7546
1641
136647
1545
1289
3329
4792
1294
6495
5351
64327
2071
8481
1028
9622
8200
25836
268
6469
3476
79840
55997
583
404672
8820
7048
57514
4286
339829
4487
123872
8565
5317
2263
6330
5828
3892
8241
7476
5318