3569
9474
138050
394263
730070
5133
267016
673
54665
81797
2006
352961
113189
919
5894
23545
3115
729627
4282
394254
57661
90355
55024
368
11120
3009
64288
23
349158
1460
60681
2200
79692
344423
3122
7916
25780
4920
121260
780
728615
11181
164832
78994
9071
8859
2799
2588
1493
3516
3684
221527
3373
3106
387046
717
3309
10491
283165
3112
3663
4734
875
1286
7292
267014
286016
7741
9509
10318
7332
645950
6583
629
26147
729816
81794
121340
11277
1278
353011
10320
1285
167826
389203
2113
6775
135656
54899
4277
1281
3119
100189539
639
1290
5831
11118
10340
7917
1235
7148
57713
7128
11170
3845
4893
4627
30008
375616
8341
3127
285834
3132
3559
721
389715
4855
1277
474354
8870
958
64175
2294
1380
5966
3092
4439
84547
100130756
11221
100270827
29113
4669
3135
1797
200734
4015
23534
1997
26191
10125
23569
3423
267015
80760
115352
100189529
170679
2990
2720
411
3120
387117
10665
259308
3117
5176
29777
7918
344462
3113
1289
3123
100293534
259197
23592
7185
1287
79722
1294
1773
6448
414777
5351
4795
150221
2213
401089
5479
57705
1656
871
100130988
6366
115509
55937
4276
3687
6654
221584
10919
57176
56244
7100
6941
387122
10516
91
696
100131609
3425
5352
3394
720
3899
3118
5781
4041
5211
11285
83648
63940
100129192
326
640