8927
91272
3717
120892
284358
150962
64127
326275
3559
7297
124626
22891
64170
84624
159296
163486
3593
54901
117289
728010
544
283234
100271600
5820
2805
134008
8807
100271305
8204
56984
64167
134288
5334
4088
677
10067
343727
2615
8863
64407
441108
2524
8995
647215
26191
253430
8477
1050
6122
56169
147
2297
5734
25824
6304
9966
57178
23046
80315
63892
356
56677
4485
339479
84619
55876
10171
11262
60468
1788
359779
8209
100271352
345611
157638
1201
6774
100130988
7332
131096
6347
1601
23308
5771
11116
55054
746
10320
55600
91975
85027
149233
8453
3586
80762
3976
5155
639
100271063
144811
56301
10221
56946
8600
2646
63027
6354