23095
7412
3127
353002
3132
54207
3559
4234
678
4855
267016
2135
53832
644020
22898
131368
7919
160365
5747
3593
5796
352961
6148
54536
2294
554251
117289
1591
199
10538
5820
2315
54806
677
1594
7936
3087
27120
8740
4280
267015
100133941
8449
3122
7916
100189469
5788
8477
170679
7132
3120
79970
116935
10665
942
56169
147
3117
221527
8320
3106
717
5594
3123
100130889
3112
3107
253018
148867
11262
60468
6891
5491
401250
923
6774
965
4276
64332
1041
629
10892
729816
10919
921
5341
56244
6565
10461
3575
387122
4277
352997
3119
3109
5428
23498
440836
100131609
152100
3394
7917
3118
7148
116379
84769
868
5460
359758