215
10558
2670
7412
4234
678
267016
53832
644020
22898
131368
7919
160365
51
352961
6148
54536
117289
199
5820
7936
3087
27120
4280
100133941
8449
3122
7916
79970
942
56169
147
221527
8320
3106
717
100130889
3112
148867
60468
5491
6774
1041
629
10892
729816
5376
1786
5341
6565
10461
4803
4277
547
3119
3109
5428
440836
7917
51062
7148
116379
84769
868
5460
359758
23095
2581
3127
353002
3132
54207
3559
4855
2135
443
8518
5747
3593
5796
2294
554251
1591
10538
2315
54806
677
1594
95
5354
8740
65125
267015
100189469
5788
8477
170679
7132
3120
116935
10665
3117
4914
5594
3123
3107
253018
11262
6891
401250
923
965
5660
4276
64332
10919
921
56244
410
3575
387122
352997
23498
100131609
152100
3394
3118
9517