23274
10554
387103
84162
3127
84991
7466
3132
9374
3559
7297
442257
4855
644020
54665
1234
969
7919
352961
1236
4758
80018
346171
6927
100271271
4439
25865
100271600
7054
100270827
55384
399716
56984
8935
114904
1797
1504
6821
3481
53347
3630
55423
26191
283598
5696
267015
100270925
3122
7916
115352
493856
3120
8859
116935
10665
3516
1493
80069
80737
3117
10019
221527
2065
717
6753
400223
3305
3123
3107
3112
6231
55876
6891
60468
55315
55328
22979
723961
3304
4008
1512
5491
139716
246778
80736
169792
6890
23242
267017
64375
4276
629
5078
5771
729816
388011
57827
6048
3172
10666
389203
56244
29121
6605
4277
3119
3109
440387
3586
3976
26471
100131609
430
100271063
26797
7917
3118
64135
7148
100271203