57118
57624
645345
283460
5789
5167
9370
63826
10239
9861
140902
5184
7466
7297
83795
9559
56999
54469
63951
2888
100130239
2184
6517
54901
8872
54536
23101
6927
9479
378805
10363
7103
5506
3630
135154
3643
3087
4544
1852
6928
57104
60685
3651
94241
4760
55323
166336
11132
100271597
3784
5122
128486
54602
339799
8567
63892
6480
677828
10296
6833
729611
9055
340598
204010
8622
9223
169792
643550
6934
79571
169026
8638
3636
5078
3667
79068
4535
9905
136259
3172
10644
10253
8549
168850
89822
3767
8462
145741
5937
4853
340460
53335
221895
116985
22837
388125
640