57118
23274
10554
645345
387103
84162
9370
10239
140902
5184
442257
6648
644020
54665
1234
389840
2888
7919
2184
352961
285600
54536
346171
6927
378805
9479
25865
100271600
399716
56984
3481
5444
53347
5506
84898
3087
283598
5696
4544
1852
94241
7422
60685
100270925
3122
7916
4760
55323
11132
3784
8859
3516
1493
128486
10019
221527
2065
6753
717
677828
3112
6231
55876
10296
253013
6833
60468
729611
22979
4008
1512
5491
8622
246778
204010
80736
9223
6890
79571
267017
8638
3636
629
5078
5144
5771
729816
79068
57827
6048
9905
136259
10666
389203
10644
10253
3767
4277
3119
3109
8462
168850
145741
26471
5937
10529
26797
7917
7148
1636
57624
283460
5789
5167
9861
63826
3127
84991
7466
3132
9374
3559
7297
3077
83795
4855
9559
56999
54469
63951
969
100130239
6517
1236
4758
54901
8872
80018
23101
100271271
4439
7054
100270827
55384
8935
114904
3557
10363
1797
1504
7103
6821
58504
3630
135154
3643
55423
26191
6928
57104
267015
3651
115352
166336
493856
3120
100271597
116935
10665
80069
5122
80737
3117
54602
339799
256297
8567
400223
3305
63892
6480
3123
3107
2745
6891
55315
55328
723961
3304
9055
139716
340598
169792
643550
6934
23242
169026
64375
4276
30011
388011
3667
4535
3172
56244
29121
6605
8549
89822
266722
440387
3586
3976
100131609
430
100271063
4853
340460
53335
3118
64135
100271203
221895
116985
22837
22836
388125
640