8927
51201
23274
402569
84162
100132286
864
125
150962
116028
2494
326275
57497
6299
2829
22891
673
11231
59067
57057
5157
100271531
5190
146198
6927
5265
3115
1723
5820
134008
57609
56984
8204
64167
217
9940
4088
5334
2615
5462
26839
222643
999
7422
51074
5193
57154
22806
1910
3595
29117
79728
25817
1493
540
56169
2297
8809
25824
6304
57178
64240
5395
25943
7032
26137
84619
55876
1230
675
5243
1788
4026
79695
4092
5195
51300
29851
28
100271015
3588
51741
212
55054
9844
3558
1316
54361
8690
91975
149233
3119
1233
80762
11278
5155
639
3458
144811
100270859
56301
10221
5824
1033
51750
91526
7128
120376
54546
3845
9173
3030
359758
53942
2308
375616
91272
8125
862
55670
5192
10018
3132
3676
3559
124626
3077
1080
657
391282
647076
159296
5796
282616
544
210
10391
1908
6391
6311
677
10067
207
64407
441108
23534
3643
2859
944
26191
3145
7157
84701
11178
8771
5244
4790
1050
8647
23228
7132
11315
5156
9923
2272
8313
5734
327
80315
3113
466
387495
3123
2212
5562
4485
56677
339479
11273
387934
5644
4089
8209
100129306
8929
100271520
3704
100130988
9681
133688
650
861
11116
6689
6794
55765
389015
3579
23022
3172
7227
55600
80724
1803
266722
347730
2835
3586
4853
100271063
3394
843
3118
2834
3587
56946
2646
63027
359750
6354
2778
2153
3717
64241
284358
120892
672
4046
2042
6049
25949
221416
653437
5830
1499
120
64170
1611
100271596
54535
1890
7389
25769
117289
728010
643
283234
57509
100129176
100271600
2805
8807
100271305
5890
9409
27030
343727
4072
4293
5290
1056
647215
5606
728615
4664
652
6122
7850
6447
55892
147
10019
282617
3431
9966
23046
644540
356
400935
5307
3663
127281
50863
1452
4233
6657
6392
3084
6833
60468
10171
8764
359779
3577
2235
3554
157638
1201
6774
4613
7332
9555
131096
1601
5144
2956
23308
5771
2668
283450
5979
10320
167826
2113
5341
10165
8667
79258
8453
4763
26585
6581
4436
133690
220959
5898
10477
2064
6690
65992
140717
2903
55722
23095
64224
3127
64127
7297
257177
4522
84624
163486
5619
85415
85407
3593
54901
2294
112744
23252
51119
11221
91828
100132382
85480
64939
134288
8504
150280
8863
51008
1811
2524
571
57396
8995
182
2768
63877
1001
267015
51196
5996
4595
253430
4650
8477
400867
1738
3120
2720
1371
2316
2746
3930
3117
324
5498
63892
3911
643503
11262
4481
4292
120400
3592
6550
219771
8312
100271352
345611
4512
3815
431704
1656
647201
4276
6347
11200
388722
57707
100129017
746
7048
3659
57514
85027
3575
3976
7486
4126
401475
6390
115908
8600
5828
5205
7031
57511
8986
23406