51201
23095
8125
862
672
2042
125
6049
2494
57497
1499
657
4522
673
100271596
5157
85415
112744
6927
10391
57509
11221
6391
57609
217
9940
4088
207
27030
4072
571
5290
4293
5462
63877
7157
222643
5606
999
11178
51196
4595
267015
728615
652
5156
6447
55892
79728
25817
2272
8313
324
466
644540
3911
643503
5395
5562
1452
7032
26137
4233
6392
675
4292
387934
79695
4089
4092
8312
4512
3815
647201
4276
28
650
1601
11200
100271015
861
5144
2956
51741
23022
283450
1316
5979
7048
3659
7227
8667
80724
3119
347730
11278
7486
401475
4763
843
6390
6581
4436
26585
2834
3118
220959
1033
120376
2064
7031
3845
2778