23274
10554
5071
387103
84162
215
5184
10239
394263
2494
54796
442257
389434
9049
644020
6658
2888
7919
2184
352961
26012
2914
3710
54536
4254
7068
6927
9479
25865
5820
56984
7849
2253
5444
3481
53347
84898
60675
283598
5696
22800
4544
94241
999
7422
60685
269
2693
2304
11132
51562
79728
6716
56169
1493
3762
25817
3640
595
1482
7032
55876
5573
253013
55584
675
22979
7015
2692
7080
1512
5491
8622
204010
9223
84634
80736
6890
6770
8638
28
5078
353006
729816
6048
10666
1188
10644
2492
4277
3119
3109
80762
11278
145741
81037
3265
1589
4214
399
283460
9861
63826
3132
3559
3077
54469
578
284654
100130239
1236
4758
4439
6736
29113
55384
122042
8935
3557
114904
10363
84733
7103
6821
9247
207
3630
3643
26191
3293
7157
6928
57104
3651
115352
1187
166336
128674
100271597
116935
80069
5122
80737
54602
344462
339799
646702
400223
6480
3123
551
3107
6891
55315
4978
405753
723961
387934
4089
340598
51079
169792
846
1027
7038
7474
3295
8022
11116
388011
55729
100271197
4535
3284
23022
79887
3172
5889
6605
89822
266722
440387
3586
6899
100131609
430
100271063
4853
53335
3118
64135
100271203
2332
8086
4279
2834
221895
116985
22836
326
23405
640
367
2778
57118
286749
10232
3232
5626
645345
9370
672
140902
83657
1499
6662
6648
1586
7253
84312
8635
54665
1234
389840
1761
51
1730
285600
346171
378805
50846
100271600
2690
399716
5506
23
5290
3087
4295
7809
1852
100270925
2798
3122
7916
6777
4760
55323
81848
3730
3784
8859
3516
128486
10019
221527
2065
6753
717
677828
3112
6231
10296
1584
6833
60468
79577
729611
4008
57706
5172
246778
2657
79571
137814
267017
3636
1601
629
668
5144
5771
4094
4221
79068
57827
9905
136259
5979
135935
389203
10253
3767
168850
8462
392371
26471
5937
10529
26797
7917
7148
2064
9210
1636
57624
5789
5167
3127
832
84991
7466
285834
9374
7297
5892
1585
6528
83795
3758
4855
9559
56999
63951
969
344018
190
6517
54901
8872
50506
112744
196951
80018
23101
213
100271271
2252
7054
100270827
1797
1504
58504
571
135154
59341
55423
63877
5741
7490
267015
440574
493856
3973
55636
3120
10665
2516
3231
2688
3117
79983
2260
256297
3305
8567
63892
2745
55328
3304
9055
139716
647201
643550
6934
23242
169026
64375
4276
8200
30011
268
80862
3667
6557
55997
8820
56244
29121
8549
3976
340460
22837
388125
7031