4519
79803
4647
6103
55812
24
4867
7045
84062
29914
51151
57167
6010
10002
7439
6094
2652
6295
124590
1634
84100
65217
3769
3850
130557
4514
2200
4901
8842
10594
1259
6100
4541
778
8546
57096
25794
167691
343035
1302
1293
7840
83959
26121
80184
6935
6121
1291
89781
3679
4117
9227
4538
668
1292
81794
9129
64218
4536
1261
200576
10461
4508
7399
2218
388552
5148
57190
5961
3000
5145
23020
26504
9094
84343
79955
3257
728458
7466
7401
6101
64072
6017
4948
5995
50939
4935
84233
6102
346007
30813
5080
1121
388939
79947
7299
83394
4539
10083
1406
4166
84839
4942
2978
57094
22999
768206
84140
493856
8754
9215
2979
10210
23746
92211
23418
145226
7287
4512
3815
3614
123016
762
1258
1296
10585
375298
3420
25861
3859
7306
11234
4535
5158
4976
4286
55975
24148
84059
1123
79147
80207
4540
5146
26258