4519
79803
2301
10554
10255
4647
6103
360023
55812
5978
24
4867
7045
611
394263
221416
353010
84062
6785
3080
340198
7099
118663
7253
1421
29914
51151
267016
57167
8635
6010
10002
4016
54535
7439
352961
2914
6148
285600
3710
9709
2780
6094
2652
6295
1280
124590
1634
8797
84100
65217
7936
5444
291
84898
4340
23
3769
3850
130557
5925
4295
10228
4514
100048912
2200
4280
4901
54499
7422
8842
10594
1259
338917
6261
780
6100
926
4359
4541
22930
778
8859
3595
8546
57096
25794
3075
3299
1493
343035
167691
10877
221527
6247
7078
1302
1293
7840
83959
26121
2165
3106
1420
1471
717
100130889
80184
353007
6935
55584
6121
1291
89781
3679
4117
6663
3664
9227
4538
629
80144
668
1409
353006
100270952
1292
81794
729816
259266
9129
6048
64218
3791
353011
4536
1261
200576
10461
149233
441726
3119
4137
4508
5428
7399
2218
388552
10529
5148
7148
57190
5961
3000
5145
10133
2074
5149
26504
23020
9094
84146
1524
84343
79955
3257
93589
399
57369
4285
80864
728458
7466
285834
7401
6101
64072
6017
4948
718
387715
59338
8870
5995
50939
4935
221294
170680
84233
6102
346007
64221
29113
3078
3135
30813
5080
1797
343450
1121
388939
58504
402184
4336
79947
7299
83394
4909
4539
81494
8224
80122
4990
1001
10083
1406
4284
54714
83552
84839
4166
267015
115352
4942
341640
857
729075
2978
57094
22999
768206
84140
493856
8754
3662
170679
220202
9215
5156
116935
10665
858
2979
114902
390616
10866
10210
169522
344462
23746
646702
1545
50484
5654
9451
81579
1071
92211
5923
3107
253018
23418
56652
145226
7287
2700
4512
3614
123016
6499
762
1258
1296
10585
5309
55605
4276
375298
3420
440270
285829
25861
80862
11116
54507
134430
7306
83872
11234
5340
4535
3859
4653
3990
5158
60506
4976
387122
10516
11232
90167
4286
266722
8322
55975
3586
5956
24148
84059
1123
79147
80207
3118
4279
4540
728402
3426
5146
26258