5251
10232
3232
5071
55214
84925
10255
672
8074
2034
189
221416
55686
5830
54796
1499
4437
6662
6648
1586
5310
2261
286097
8395
7369
389840
6744
1730
5190
79611
7029
50846
401145
5820
5546
6582
6909
29107
2253
9409
60677
139189
60675
142680
5290
359
23512
5925
7421
3913
55589
7809
22800
5462
5696
8741
81494
999
7422
100048912
81
269
57575
4920
5193
4760
11112
79663
3730
8082
6421
55193
449493
6716
23466
3075
4841
8671
27241
56169
90859
6563
595
1729
403301
200315
1471
4233
1584
675
1286
340024
23635
5195
57706
29851
6770
6514
6559
22918
26281
629
898
4306
668
10312
23607
525
2956
11236
100271091
1060
3031
51422
8626
201163
135935
1188
1285
7030
2492
185
7428
988
3751
6524
3119
56311
353329
83636
7092
100130338
58500
6092
100270916
4436
3265
5824
449492
1589
10460
2064
204474
9210
1636
7827
4627
6521
5311
4214
57619
5167
55670
949
8416
5192
2271
65266
7466
8661
23780
5892
3077
8542
6665
3758
3116
718
4855
100147821
22925
344018
284654
11122
158222
190
6340
256356
54901
26011
4643
8897
407977
116448
6736
5076
112817
3557
28991
10863
7312
84733
8504
1594
207
760
79058
284274
150280
1184
26957
3939
2056
9658
23362
65125
3293
7490
7056
51196
6928
4868
29956
23562
6781
57531
1187
554
100270946
55636
493856
4952
9380
128674
3973
5800
2152
200420
10665
6262
2516
340895
9526
3231
3117
79983
11136
2260
126969
7225
183
63892
5972
6338
551
3123
1758
10
728409
1287
8029
4179
4292
4978
3709
117583
4609
9603
9027
6569
120227
84902
100271209
30011
4603
3295
128822
268
4257
6557
100271197
3284
50617
8000
6519
4968
51071
56965
5889
5314
1803
100271317
7903
80832
346711
646195
5728
116093
9153
2628
3118
64423
221895
2332
11281
5828
390218
2646
3426
254778
6337
23405
367
286749