5251
4519
79803
138050
10558
5184
55812
8074
100132286
23171
3918
189
5624
51251
2731
10913
389434
51151
2760
27034
7369
5836
7102
5190
2314
8291
10466
919
113189
6094
1280
124590
23545
335
5265
203859
54657
1634
2253
51114
5871
54820
9126
6223
3850
374291
3691
5009
7421
6535
4901
51074
8675
950
779
778
79628
79728
2588
540
50937
4513
121512
3373
1293
2165
22948
347344
9203
5395
83544
2259
9570
8139
875
6121
3679
4117
859
7414
2159
3931
1103
675
7015
85366
8540
8622
5195
7080
10021
2273
6770
2175
4538
27032
128178
51204
8898
10312
147912
121340
148738
8626
2109
2706
2203
6197
547
178
388552
6496
23133
7050
55624
1387
2997
3265
5824
1589
3000
5145
114798
2132
5373
10075
2155
5192
2312
3897
5521
29929
4948
657
79053
4591
1861
2892
132884
116442
6340
4758
5995
3043
210
55129
7036
773
6736
26580
35
70
55343
6311
1121
388939
7507
1806
55036
64374
57165
3643
9896
3145
7157
4166
343641
857
5048
286
57531
538
6606
9516
158866
9380
91949
1144
783
2189
593
841
5176
5255
7552
4624
116085
9897
145226
405753
149998
4089
123016
169792
762
1258
120227
3098
7038
7474
9997
80208
65055
375298
2592
3420
25861
6794
11234
65109
3284
50617
3291
785
4976
90411
5538
5889
55975
1513
2632
6899
9401
6908
462
5728
4853
5053
84059
1308
29954
6710
55065
2332
79147
80025
7536
11285
84572
6329
2548
367
3242
2778
9517
2244
6103
672
4647
2670
16
5830
7137
1896
1778
175
1586
3073
5191
2261
5649
1798
57167
847
4014
7439
488
1643
1629
3236
10559
4625
6687
3853
2652
11141
2690
8242
3690
9409
5339
8557
2121
4069
10661
7504
118429
51314
8842
5913
1259
4854
1760
2717
6100
3730
64324
2157
57096
9197
284382
6609
2160
10084
1729
1302
7020
7840
3040
1471
6135
356
57192
4689
6231
4125
6310
1584
25814
2895
3914
55651
1201
137814
257397
2705
435
6559
10479
4634
125972
668
4306
5224
57194
81794
9496
7555
5979
51778
10165
10461
2584
4803
1281
57152
4508
1290
7592
80326
54875
57190
6389
2072
5961
11005
84061
154881
26504
1636
9094
5017
1200
7051
7879
23095
84343
3857
2581
5167
5429
23503
10483
6125
959
5892
6528
2639
7249
443
9180
8518
2653
6452
285489
1145
6445
4935
50506
4537
22954
4669
91624
8517
5080
8504
2033
127534
8988
760
79947
7299
9907
117581
4633
4688
338
182
27329
6446
7490
3141
84839
3423
8106
4942
747
1675
5091
2176
2978
84140
1738
8754
1767
1536
55636
4952
1371
825
9526
3039
9215
2979
4239
224
7547
11136
2736
2260
183
5498
6567
1641
1509
6607
7957
1289
5972
5654
3329
57477
23418
56652
2664
2266
1294
1497
4210
2998
6442
1180
5256
1075
2071
1028
84871
8200
25836
139363
3859
3476
7306
6201
4547
55997
404672
4351
79796
6443
10516
5173
4286
4287
8565
4126
7486
6335
1123
6898
7168
80207
7117
7391
594
4540
5828
7040
5146
1828
2243
1758
26258
493753
5447
2539
215
4867
10020
2812
55775
5257
2131
84062
11127
1244
2629
6658
4593
170302
10002
2184
3315
2617
7139
9782
1029
1723
5160
2290
6683
5476
284119
3674
84100
6855
285362
378884
65217
4088
3481
2615
60675
142680
60681
6204
26503
2010
26154
10594
5193
2693
8546
7454
6712
25794
388698
5264
8671
27241
50943
1355
9733
5063
948
23224
54332
26121
10743
10491
1482
1756
1291
472
89781
55145
55215
2068
643418
7046
6514
9509
1134
27286
445
22845
8048
525
1292
2707
51422
212
2245
1786
64218
7134
201163
2138
3872
26260
6524
7399
3868
2218
7092
4771
2334
5831
1476
10397
51062
5148
3028
54840
81857
348
2073
2542
2074
1893
7273
10908
1785
4747
79955
5818
55670
65266
34
6101
8443
2158
3077
3920
1080
64072
23111
3988
84342
1277
3708
359775
2035
100505503
1959
50939
84233
6102
346007
7508
26277
9640
3798
5092
427
3736
30813
81846
1594
57716
4015
114182
4598
80331
95
4539
5354
355
1373
10083
85365
65125
3251
242
24140
7248
440138
5189
5289
9382
54982
2517
768206
166336
2990
128674
8573
4507
79783
23218
1161
3854
126410
30061
8701
3887
4313
92211
255738
23345
146057
9459
7287
4728
7337
5479
1027
6569
9499
2110
10585
5660
8813
345895
10939
2719
775
1717
36
4535
56606
114548
6519
3998
26119
5350
9420
24148
843
59344
56946
221421
11281
4023
23230
6337
55172
7841
64446
2153
1832
1340
10008
6218
24
7045
29914
7253
1593
57502
146227
8243
6010
6708
7389
51
2006
55135
2815
6295
6229
5582
546
5095
54658
5837
8292
368
3655
8398
4072
7390
91662
40
6611
3848
144165
130557
3074
4514
2200
19
2178
55505
23096
10195
2582
27019
6777
6165
79667
91056
4359
4541
1741
3561
2799
3075
64840
51324
3849
7319
3889
146059
3858
9927
55120
10128
8450
83959
249
79158
6935
2177
186
340024
5261
2235
344
26353
6324
7450
79152
2657
9968
2055
5727
23064
2623
229
53940
412
2956
1203
10804
4221
255928
9129
5376
1278
4281
4536
4010
1736
185
200576
3827
5213
2318
5428
25839
91869
4763
5096
4436
4204
23020
686
5621
6834
4607
3735
3702
4983
30008
6521
3861
7276
3257
123606
5162
728458
7466
7401
2147
5456
1585
6017
275
6507
55800
4000
118813
57817
1837
64175
7846
10528
6901
213
338376
112817
3064
5194
2038
6331
51128
2108
3852
83394
4154
59341
4723
1184
3939
2395
383
5631
1406
3748
6341
6444
4595
641339
3909
2182
57094
22999
493856
411
2720
4247
1807
3930
4914
57158
6314
10210
28956
10159
324
7546
3081
83943
3860
136647
6338
56997
2161
5236
4792
4864
6495
4292
6448
5351
2162
2683
28976
79087
4512
3614
3815
8905
8481
1296
871
1352
5860
11200
56052
653361
254065
6469
6014
710
10555
1140
37
7048
5158
57514
410
339829
5314
116519
10157
4487
123872
256471
3425
5352
10577
5317
2263
4041
7443
2538
3892
2187
3949