5251
10075
5162
138050
215
5167
8074
959
2158
5456
1896
3920
6658
57502
2892
170302
7102
116442
4000
1837
51
7846
919
4625
55135
6901
11141
26277
5160
2290
546
8242
8517
51128
6855
1594
1121
51114
54820
5631
142680
1184
6611
4688
5354
7421
5009
7504
6535
3251
24140
2010
3423
5048
55505
23096
538
641339
2182
2717
1741
158866
4952
1536
3561
8573
7454
64840
50943
7319
28956
5063
10084
10159
3373
23224
8450
6567
347344
1641
9203
7552
4689
57477
2664
1756
23345
6448
186
9459
7015
55651
8905
2273
9968
120227
10479
27286
412
2719
254065
653361
367
3476
51422
65109
2245
4281
6197
1736
26260
3425
2334
23133
7592
3028
4204
2332
84061
1758
4983