10611
6662
578
50805
25978
2255
1761
54535
402123
26579
4254
100128390
401237
196374
7054
100271372
6582
354
100189492
60528
3655
122525
5462
22853
6928
23301
389136
153572
391679
22834
6041
4477
81848
5630
3973
728484
51312
5010
137868
1293
80319
340602
80031
63892
84075
5305
638
2677
219931
4481
55190
7015
387934
4609
8193
253461
7337
157638
84790
94274
100270871
11200
4601
55729
79887
58472
1316
3817
4824
8673
60678
54790
222546
79083
7399
2048
430
401475
80762
11278
5728
81037
100271222
646255
6581
6580
2263
6498
653268
23405
367
4983