10611
6660
5192
6662
578
50805
2255
54535
1761
25978
402123
26579
4254
100128390
401237
196374
7054
100271372
122042
57054
6582
354
100189492
60528
3655
139189
122525
55170
8287
5462
9651
161497
55423
22853
23301
6928
389136
153572
391679
22834
117155
6041
4477
81848
5630
3973
728484
51312
5010
137868
3640
1293
80319
340602
80031
63892
84075
5305
219931
638
2677
4481
57135
55190
7015
387934
4609
8193
253461
7337
157638
94274
84790
8653
100270871
11200
4601
55729
79887
58472
1316
3817
117144
4824
2492
8673
60678
54790
222546
80762
7399
2048
11278
79083
430
401475
5728
81037
100271222
6581
140885
646255
1617
57055
6580
2263
6498
653268
23405
359941
367
4983