391524
100270950
23274
10554
387103
84162
10239
5184
442257
644020
2888
7919
2184
352961
54536
6927
9479
25865
56984
3481
100287887
53347
283598
5696
4544
94241
60685
11132
1493
55876
253013
22979
1512
5491
8622
204010
9223
80736
6890
8638
5078
729816
6048
10666
10644
4277
3119
6524
3109
145741
11321
100270938
10221
283460
9861
63826
3132
3559
2158
287
100270945
54469
100130239
1236
4758
4439
84320
55384
84811
114904
8935
10363
7103
6821
3630
3643
26191
6928
57104
3651
115352
8658
166336
100271597
116935
80069
5122
80737
54602
339799
400223
1071
3123
6480
3107
6891
55315
723961
340598
169792
388011
4535
3990
3172
7227
6605
89822
440387
3586
100131609
430
100271063
4853
53335
3118
64135
100271203
221895
116985
4023
22836
2646
640
57118
645345
9370
140902
3479
54665
1234
9709
346171
79635
378805
100271600
399716
29107
5506
79660
3087
1852
100270981
100270925
3122
7916
4760
55323
3784
8859
3516
128486
10019
221527
2065
6753
717
677828
3112
339896
6231
10296
60468
6833
729611
4008
246778
157638
79571
8882
267017
22918
3636
629
5144
5771
79068
57827
9905
136259
389203
3254
10253
3767
441726
168850
8462
26471
5937
26797
7917
7148
442117
84450
10562
57624
5789
5167
3127
84991
7466
9374
7297
83795
4855
9559
56999
63951
969
80059
6517
54901
8872
80018
23101
100271271
7054
100270827
1797
90768
1504
57829
135154
55423
267015
84226
493856
3120
6262
10665
3117
100147745
256297
3305
8567
63892
2745
55328
3304
9055
139716
643550
6934
23242
169026
64375
4276
3667
729288
56244
29121
8549
391719
116519
3976
22807
340460
22837
388125