64446
283849
11173
1832
10008
3728
23171
7137
6662
84722
673
57057
375056
120114
2006
221692
2702
4625
22808
7139
10142
88
282996
5894
25903
217
79659
22822
6943
79660
8557
65264
3782
23293
1829
7809
51530
100048912
27019
2200
84439
51314
7709
5663
6261
4018
10060
3784
114036
121536
2070
1284
3762
25817
7804
948
23414
4646
10743
1482
1804
83544
3781
3753
5573
1756
9992
1952
859
7414
7015
3741
85366
10021
6324
2657
8882
137814
2697
1282
28
4634
3759
125972
8048
284217
387101
51422
7134
4851
51778
80310
3827
2218
7092
11278
23768
5308
151126
6640
6389
6597
25902
283652
55742
9531
79192
3845
4626
7273
4607
4893
7112
10400
56996
4205
2581
4878
287
463
2099
3920
653163
387119
3988
63951
8997
100130239
55800
4000
1837
100128390
6901
23389
241
4040
57608
6736
3757
70
91624
2626
6331
84441
79188
170690
55036
1674
1824
4633
92579
182
8613
284252
100271444
6444
729075
11216
390345
8658
84159
1767
2316
6262
783
10151
78987
29994
7547
57158
64848
8701
7021
5664
6387
9960
4973
4624
100271434
255738
7405
6442
4838
54805
6654
345895
2890
775
11155
55997
23022
1874
5350
339829
123872
23294
771
6899
54880
79822
55973
7168
1308
98
5781
6330
221421
55759
25771
131118
55172
5318
9722