79803
2153
3717
203
2244
92521
1727
6218
2539
2034
2812
645668
9659
5624
51251
84062
2629
2729
2261
6708
113189
2815
6229
7468
11235
11093
546
613
3674
973
5277
3690
368
7390
3273
10661
7504
6204
26503
81494
2178
6165
2022
94
64324
2157
8546
7454
81704
79728
3075
50943
2160
146059
595
55120
948
2165
3040
6135
4689
6231
2821
89781
2177
2159
7015
55215
10600
1528
4928
6223
695
6774
7450
29760
9509
2175
164656
2623
629
79648
3205
4094
212
4891
1278
3543
54986
889
7428
1281
54790
388552
3458
1290
4763
55752
4291
7158
3845
10560
4893
974
6521
84343
1991
2155
3257
4683
6125
10483
2158
2147
7297
959
718
11064
1277
2035
100505503
958
2122
3043
57379
3092
22
2038
124540
54583
26127
84930
80324
4598
4688
5159
171023
1130
7056
81608
1675
286
7066
4297
2176
3662
3039
2990
7374
1536
5156
2624
23218
79650
2189
3930
2260
8701
1289
2161
4869
2677
8029
4179
2266
7150
729536
5351
2162
4089
83605
56262
3098
81693
3704
861
653361
11116
54205
25
6201
11234
5340
867
3998
5627
90411
1719
2057
83417
2632
23092
462
6710
5781
11285
2120
2187
3426
2243
26258