79803
2539
92521
1727
2531
2812
645668
79934
5624
51251
84062
2629
2729
673
4066
115761
331
200942
113189
100270953
25865
11093
5820
3674
604
5277
5462
6204
26503
10962
2022
6988
8546
7454
2303
79728
56169
50943
79827
27125
5551
595
948
2165
80184
472
89781
2159
7015
55215
4928
2324
9509
2175
164656
4299
3205
212
4891
6813
8626
3558
3543
55289
605
8178
3119
388552
3458
8115
55752
8028
4291
348
5087
3845
10560
4893
974
399
1991
2155
4683
3132
2158
718
11064
1277
2035
100505503
958
3043
3092
238
29113
22
54583
3131
84930
80324
4598
355
8301
7056
81608
286
7066
84159
2990
5156
4791
285527
23218
79650
2189
841
8701
10215
2212
3123
4869
4179
729536
7405
4089
4609
6929
348801
2213
10006
6887
83605
3098
4838
3704
4515
9855
861
11116
6491
25
11234
5340
867
5873
2060
596
3998
608
90411
2057
83417
2632
23092
462
6899
6886
3394
843
3118
6710
5781
9258
11285
27086
2120
57476
2153
3717
203
2244
6218
2034
9659
89884
2261
89795
2309
6708
2815
602
6229
7468
11235
546
613
973
3690
368
50515
7390
8676
3273
10661
7504
694
2178
6165
81494
94
64324
6176
2157
81704
3075
4300
6609
100272147
146059
2160
55120
3431
3040
4253
6135
356
4689
6231
79476
2821
2177
10600
1528
6223
29760
695
6774
2657
7450
137814
2623
10272
629
79648
25925
4094
5079
4004
1278
10320
54986
889
7428
1281
54790
1290
4763
7158
201294
3702
6521
84343
3257
3127
29844
4298
285834
64127
6125
10483
2147
7297
959
7249
4068
2122
57379
5450
2038
124540
26127
4688
5159
171023
1130
1675
4297
2176
3662
3039
7374
1536
2624
4005
3930
7547
3117
2260
3195
1289
4303
2161
4302
4864
2677
8029
11262
2266
7150
57569
5351
2162
64895
1656
56262
81693
23048
100128431
79482
653361
254065
54205
6201
55997
79184
56244
154215
80271
5627
1719
28992
401475
10577
3426
2187
2243
26258