4519
138050
215
2670
10558
55775
16
1778
5191
6658
57502
170302
146227
7102
3315
51
3236
2617
6687
11141
335
5160
5582
2290
6683
546
8242
6855
378884
51114
6611
144165
6535
4514
23096
950
1760
4359
4541
1741
79628
6712
5264
9197
540
51324
7319
121512
5063
10084
3373
22948
8450
54332
347344
7840
9927
9203
4154
2259
9570
6310
8139
25814
186
55145
8622
1201
26353
9968
2055
79152
4538
2705
23064
10479
27286
8898
1203
255928
2245
1786
5376
7555
4536
5631
6197
4803
547
26260
4508
5428
4771
23133
7592
4763
2334
1476
10397
51062
3028
54840
4204
81857
5621
84061
2074
114798
154881
3735
10908
4983
1200
1785
4747
7879
7276
23095
123606
5162
10075
23503
3897
7466
5521
5456
23111
7249
443
3708
1861
2892
6507
116442
8518
4000
118813
1959
10528
84233
55129
773
9640
26580
3798
6311
3064
3736
81846
8988
57716
64374
9907
80331
4539
95
2395
59341
57165
5354
9896
65125
3251
7248
24140
3748
3423
343641
538
641339
6606
747
2182
54982
9516
166336
493856
158866
8573
1161
6314
4914
10159
6567
6607
1509
83943
7957
3329
56997
7552
57477
9897
2664
56652
23345
146057
6448
9459
1180
4512
8905
80208
65055
10939
254065
3476
65109
4535
785
4976
9420
5538
5173
4287
256471
8565
3425
6908
80207
2332
4540
80025
7443
23230
367
9517