23274
10554
387103
1999
10558
442257
53832
331
2914
3710
919
1116
25865
5820
56984
7936
53347
3009
3560
5696
6535
4280
930
6988
79970
149628
56169
595
283165
3309
26953
80184
55876
1512
4928
80736
5078
4299
353006
26147
729816
83737
8626
3558
10666
51646
6775
6565
4277
547
3119
440836
11118
1235
8028
449492
5087
7128
9173
5460
974
399
8341
4683
2312
3132
204
23495
389715
2135
5747
958
1236
4758
554251
8897
1591
3092
10538
238
29113
55384
55343
6311
114904
3131
677
6821
200734
23534
1997
10125
80760
100189529
259308
80069
841
80737
29777
5993
344462
646702
400223
414777
4795
117583
4609
6929
10006
6887
169792
965
100130988
64332
3981
9855
11116
6491
388011
10919
608
7100
387122
6605
440387
23498
7941
2632
430
100271063
80332
3118
9258
27086
326
9517
441376
730070
2261
8635
89795
1234
2309
81797
117289
346171
91137
7468
399716
394254
90355
3087
349158
4295
7504
344423
25780
3122
78994
6176
449493
3516
284382
4300
100272147
3684
221527
3040
717
4253
356
100130889
3112
4689
3663
6231
60468
90865
2743
7292
267014
267017
10272
284110
629
10892
81794
4004
5341
10320
9283
10461
54899
4803
26797
57713
220959
5017
23095
3127
29844
4298
1789
285834
84991
959
54207
9374
4855
7249
969
474354
8518
4068
190
3593
1145
80018
1380
57379
5450
5966
100271271
5089
84547
100270827
85480
1797
1504
150280
4688
8740
1130
267015
100189469
170679
3039
3120
1536
4005
9526
3117
7918
2741
3305
4303
259197
4302
253018
7185
23418
79722
57569
1773
150221
139716
401250
56262
23242
64375
4276
79482
221584
56244
6941
696
401475
152100
5211
3569
9474
10255
84162
7412
2531
394263
11127
4234
5133
2629
673
4066
644020
115761
22898
131368
7919
352961
200942
100270953
54536
6927
3115
604
57661
55024
64421
4088
3481
2615
64288
5462
1460
283598
1017
8741
10962
26503
100133941
79692
121260
57628
11181
780
7454
388698
942
1493
50943
79827
27125
8809
8320
3106
387046
5573
253013
55584
472
22979
5491
29851
6890
7741
4261
1134
10318
1041
6583
6048
1786
9844
3543
1285
135656
55289
605
8178
3109
5896
639
83706
10340
8115
51062
116379
84769
868
359758
375616
3559
6665
721
3116
22925
5796
8870
407977
4439
2315
3135
8935
1594
3630
4598
150223
355
26191
65125
8301
115352
5788
84159
7132
2990
4791
116935
285527
387117
10866
8701
3570
3113
10215
3123
3107
4869
6891
55315
723961
2213
348801
57705
55937
4515
2302
861
2719
921
3172
2060
596
3586
83417
100131609
6886
3394
843
720
3899
64135
100271203
4279
56946
3596
2120
83648
63940
100129192
57476
640
678
89884
7253
267016
54665
81606
160365
6148
5897
84640
602
199
100271600
973
4282
50515
11120
7390
23
27120
30009
694
100270925
8449
7916
91056
164832
3561
9071
8859
81704
3075
147
10019
2065
3431
644540
6753
79476
148867
4008
246778
29760
695
6774
286016
975
7332
645950
5144
25925
5771
4094
11277
5079
57827
5376
4281
353011
389203
167826
2113
54986
100189539
5428
4589
26471
7917
7148
11170
3702
353002
7297
147409
2294
7054
100130756
3689
54806
5159
55423
94103
23569
1118
4297
8477
3662
6046
7374
401157
10665
2516
4914
28956
3195
115650
5594
100293534
2161
5994
11262
55328
3304
64895
923
8625
1656
169026
6366
115509
54414
3687
23048
100128431
254065
653361
80862
79840
79184
710
57176
29121
154215
3575
352997
3111
28992
3976