8927
402569
3717
284358
120892
4046
150962
326275
221416
653437
22891
64170
1611
54535
146198
117289
728010
283234
100271600
5820
2805
134008
8807
56984
8204
64167
100271305
5334
4088
343727
2615
647215
7422
57154
6122
7850
3595
29117
56169
147
2297
25824
6304
9966
57178
23046
5307
356
127281
3663
400935
84619
55876
10171
60468
5243
8764
1788
359779
3577
3554
157638
1201
6774
7332
9555
131096
1601
3588
23308
5771
55054
54361
10320
167826
91975
149233
8453
80762
5155
639
3458
144811
56301
10221
51750
7128
54546
140717
375616
2308
55722
91272
3127
3132
64127
3559
7297
124626
257177
391282
84624
159296
163486
85407
3593
54901
2294
544
23252
134288
150280
677
10067
8863
441108
2524
64407
1811
8995
2859
2768
944
1001
26191
8771
253430
8477
400867
1738
1050
11315
9923
3117
5734
327
80315
63892
3123
2212
56677
4485
339479
11262
11273
120400
6550
219771
8209
100129306
100271352
345611
100271520
100130988
6347
11116
55765
3579
746
3172
55600
3575
85027
2835
3586
3976
100271063
3394
3587
56946
8600
2646
63027
57511
6354