10075
5162
138050
215
5456
9524
3920
3479
6658
57502
2892
170302
7102
116442
8243
51
55777
2904
11141
5160
2290
546
8242
84623
6855
2033
51114
55998
9126
5631
6611
55650
3251
6535
24140
3423
23096
538
641339
6487
2182
1741
158866
8573
81704
7319
5063
10084
10159
3373
6567
8450
347344
9203
7552
7991
57477
8492
2664
9439
6448
186
9459
2036
8905
9968
2055
9901
1013
10479
27286
25836
254065
8831
3476
83696
51422
1859
65109
2245
84295
6197
10369
54862
3827
547
51185
26260
2902
3425
2334
23133
7592
11253
1387
3028
4204
2332
2898
84061
4983