3569
864
2487
3127
3132
25949
4049
3559
391282
389715
4855
5649
54665
54829
7369
359775
3593
958
196527
4148
51752
5966
10758
100270827
3135
4282
90355
5871
200734
23534
114182
40
26191
6446
23569
267015
344423
115352
5289
79667
10085
100271278
56172
164832
400867
326
10665
259308
3516
1493
10678
147
7547
3117
344462
23046
3309
9755
3123
3107
3663
116085
7185
79722
390283
2895
4795
4055
84871
6366
257397
55937
4276
8200
53940
6583
139363
26147
729816
6014
9496
56606
353011
167826
389203
56244
6775
4010
3837
149233
4277
3119
7092
23263
7117
54875
1235
3118
7536
3899
7124
3248
200728
7128
100507436
11170
5211
83648
4626
640