5251
10255
84925
8074
2034
189
221416
5830
6648
5310
8395
7369
6744
389840
5190
79611
7029
5546
6582
6909
29107
9409
60677
55589
142680
359
7421
3913
8741
7809
5696
57575
81494
7422
81
4920
5193
4760
11112
79663
8082
6421
55193
449493
3075
4841
8671
27241
90859
595
1729
1471
4233
1286
340024
5195
6514
6559
22918
629
4306
10312
23607
525
11236
51422
201163
1285
1188
7030
185
7428
988
3119
6524
353329
58500
100270916
5824
449492
204474
1636
7827
4627
6521
5311
57619
5167
55670
949
8416
5192
2271
65266
7466
23780
6665
3077
8542
3758
3116
718
4855
22925
158222
11122
6340
256356
26011
4643
8897
407977
112817
3557
28991
10863
284274
8504
1594
150280
760
79058
1184
3939
2056
9658
65125
7490
7056
51196
29956
4868
6781
23562
57531
1187
554
100270946
493856
4952
9380
5800
6262
10665
9526
200420
3117
11136
7225
183
5972
6338
551
3123
1287
4179
3709
9027
6569
120227
84902
100271209
30011
128822
4603
4257
6557
50617
6519
4968
51071
56965
5314
80832
646195
116093
9153
2628
3118
64423
11281
5828
390218
2646
3426
254778
6337
1758