3717
862
92521
79142
5371
4683
4298
29844
2322
645668
89884
7994
4066
115761
2309
2122
9321
602
5450
3092
25865
613
124540
604
3131
153090
5914
2033
50515
2078
5462
5159
64783
10962
694
84936
4629
4330
54904
4297
6988
64324
84159
3662
6176
63976
4791
4005
285527
2521
10499
4300
3117
79827
100272147
27125
57082
3195
3431
10215
3123
4303
4869
4302
79476
11262
729536
57569
472
4026
8522
10600
4609
4928
6929
348801
10006
3815
6887
23305
10272
4515
23048
7704
100128431
9855
861
4299
254065
25925
3205
26511
6491
79482
25
5079
4004
8021
3558
2000
79184
867
8626
10320
2060
596
608
55289
10801
57476
8178
28992
23092
3932
4763
6886
8833
865
401475
3394
8115
1387
5781
8028
57591
5087
7913
27086
2120
3845
4893