6439
1999
100132286
4285
3132
55504
441376
1080
4855
673
1438
2294
84640
1136
91137
8897
5265
1116
5089
3115
85480
659
9940
4088
6821
2615
27063
3560
1017
5002
7157
94103
1118
10144
3122
51074
972
57628
54904
6046
401157
6288
1956
149628
10665
3117
387044
8809
4086
3570
3113
4093
729238
653509
644540
26953
55876
23418
10568
253013
90865
7015
4089
7080
152002
6440
169026
64375
123688
284110
5144
6794
646192
8626
1285
56244
9283
6289
3111
3119
21
7941
4589
53916
100131609
81037
80332
7917
3118
56946
220959
2064
3658
9173