8341
9474
285834
394263
3132
730070
721
5133
4855
267016
474354
81797
8870
352961
1380
3092
4439
84547
100130756
29113
394254
57661
1797
55024
11120
3009
23534
64288
23
1997
26191
1460
349158
10125
267015
80760
25780
79692
3122
121260
7916
11181
780
100189529
78994
170679
3120
9071
8859
387117
10665
1493
3117
29777
3684
221527
7918
3106
387046
717
283165
3123
100293534
3112
3663
259197
1773
414777
150221
2213
7292
267014
286016
7741
57705
1656
100130988
115509
10318
7332
4276
3687
645950
629
221584
729816
10919
11277
57176
10320
56244
2113
135656
7100
6775
54899
6941
387122
4277
3119
100189539
696
100131609
639
11118
10340
7917
720
3118
7148
57713
7128
83648
63940
100129192
640
375616