974
399
2531
29844
4298
4683
64127
3127
285834
3132
89884
7249
673
2261
89795
115761
4066
331
2309
4068
200942
100270953
602
5450
7468
25865
238
29113
5820
973
604
3131
50515
355
5462
5159
10962
694
8301
4297
6988
84159
3662
6176
4791
4005
285527
56169
4300
841
3117
100272147
27125
79827
595
3195
8701
3431
10215
4253
3123
356
4303
80184
4869
4302
79476
11262
57569
472
4609
4928
6929
348801
2213
10006
6887
64895
29760
695
1656
56262
10272
4515
23048
100128431
9855
861
4299
254065
25925
79482
4094
6491
5079
4004
8626
3558
79184
3543
10320
56244
2060
596
154215
608
55289
605
54986
8178
3119
28992
83417
401475
6886
3394
843
8115
3118
8028
5087
9258
27086
2120
57476
3702