974
399
2531
29844
4298
4683
64127
3127
285834
3132
79934
3117
89884
7249
673
4066
89795
115761
331
2309
4068
200942
100270953
602
5450
25865
238
29113
5820
973
604
3131
50515
8676
355
5462
5159
10962
694
8301
4297
6988
84159
3662
8626
6176
4791
4005
2303
285527
56169
4300
6609
7547
100272147
27125
5551
595
841
3195
3431
57476
79827
10215
4253
2212
356
4303
80184
4869
4302
4864
3123
79476
11262
57569
472
7405
4609
4928
10006
2324
6929
348801
2213
6887
29760
695
1656
2657
56262
4838
137814
10272
4515
23048
100128431
9855
861
4299
254065
25925
79482
6491
5079
6813
4004
3558
55997
3543
5873
79184
56244
2060
596
154215
80271
608
605
10320
55289
8178
3119
28992
83417
6899
401475
6886
10577
3394
843
8115
3118
8028
348
5087
9258
27086
2120
64895
201294
3702