5251
55214
10255
84925
8074
189
55686
5310
8395
7369
2255
5190
79611
4254
401145
5546
6582
354
6909
2253
139189
60675
142680
5462
359
7421
8741
5696
23301
7422
269
4920
5193
117155
5630
8082
51312
55193
6716
23466
4841
8671
27241
3640
6563
595
1293
80319
84075
5305
219931
1286
55190
7015
23635
5195
29851
6770
6514
898
4601
10312
23607
525
11236
51422
8626
1316
201163
1285
1188
7030
4824
2492
3119
6524
56311
80762
83636
7399
11278
7092
81037
100271222
140885
3265
5824
449492
1589
7827
4214
5311
10611
57619
55670
5192
65266
6665
3077
3116
718
578
100147821
50805
22925
284654
158222
25978
6340
256356
4643
8897
407977
196374
6736
5076
100271372
122042
57054
3557
10863
284274
60528
84733
1594
9651
2056
9658
65125
3293
7056
6928
389136
23562
29956
57531
391679
1187
22834
6041
4477
128674
9380
5800
200420
7225
3123
551
638
728409
1287
4179
387934
3709
117583
4609
8193
253461
7337
9027
84790
6569
120227
84902
100270871
100271209
128822
3295
4603
55729
3284
50617
79887
6519
4968
8000
56965
1803
100271317
222546
7903
346711
430
5728
116093
9153
646255
6580
3118
57055
11281
6498
2646
6337
23405
367
2034
221416
5830
6662
6648
1586
2261
286097
389840
6744
54535
1761
402123
26579
7029
50846
29107
9409
3655
60677
55170
55589
161497
5925
3913
22853
7809
57575
81494
81
4760
11112
79663
3730
81848
5010
6421
449493
3075
90859
1729
403301
200315
340602
80031
1471
4233
1584
340024
157638
6559
22918
26281
629
100271091
4306
1060
3031
58472
117144
185
7428
988
3751
60678
54790
353329
100130338
58500
6092
6581
100270916
10460
204474
653268
1636
4983
4627
6521
5167
6660
949
8416
2271
7466
8661
23780
8542
3758
4855
11122
190
54901
26011
100128390
401237
116448
7054
112817
28991
100189492
8504
150280
760
79058
122525
8287
1184
26957
3939
55423
23362
7490
51196
4868
6781
153572
554
100270946
55636
3973
4952
493856
2152
728484
6262
9526
10665
2516
340895
137868
3117
11136
2260
126969
183
63892
5972
6338
10
2677
8029
4481
57135
94274
8653
30011
11200
268
4257
6557
51071
3817
8673
5314
79083
2048
80832
401475
646195
1617
2628
2263
64423
5828
390218
3426
254778
359941
1758