5251
4519
23274
79803
10554
387103
138050
864
5184
6647
8074
150962
189
51251
351
442257
2731
2760
51151
27034
7369
5836
2888
59067
5190
10466
9479
335
25865
5820
54657
56984
100287887
5871
53347
374291
7421
5009
5696
4544
60685
8675
6261
779
11132
79970
79728
2588
56169
540
4513
3373
641
5395
1804
55876
875
84342
3931
1512
5195
8540
8622
204010
80736
6770
9365
2175
4538
8638
51204
5078
29978
10312
729816
148738
3558
2109
10666
10644
2203
4277
3119
4137
178
388552
11321
2997
10221
5824
1589
7128
10133
9173
5373
63826
5192
4683
3132
3676
204
29929
4948
79053
54469
25978
6340
4758
1236
210
7036
64221
1591
84320
35
26580
55384
55343
6311
114904
7507
6821
1806
3643
3145
9896
7157
57104
857
538
9380
100271597
91949
80069
2189
593
80737
56832
9131
5993
339799
400223
5255
116085
85476
149998
340598
9445
169792
120227
9997
2592
3981
388011
11234
389015
3284
50617
3291
7227
4976
5538
6605
89822
440387
1513
2632
430
9401
7074
100271063
4853
5053
7536
3118
55065
84572
6329
2548
3242
2778
2670
140902
140803
25949
51021
5830
5346
175
1586
3073
5191
5649
1798
1234
847
10559
1643
1629
117289
346171
79635
399716
29107
9409
291
3087
647215
567
4069
3122
4760
2717
3516
128486
6609
221527
1729
717
1471
57192
3112
339896
6231
4125
10296
1584
60468
2895
1201
23435
8882
267017
257397
435
6559
22918
629
4306
5224
10111
136259
5341
10165
2584
79258
10253
441726
4508
26797
54875
6389
2072
442117
1636
10562
1200
5429
84343
5789
2581
5167
3127
84991
283
9374
83795
4855
2639
56999
443
9180
969
80059
2653
23479
4935
80018
4537
100271271
100270827
4669
1797
90768
8504
1504
760
7299
135154
338
27329
6446
3141
3423
267015
5996
5091
4650
2176
84226
1738
4952
3120
1371
9526
2521
224
7547
3117
11136
183
5498
256297
1509
3305
5972
2745
56652
1497
2998
9055
139716
5256
2071
643550
23242
57505
84871
64375
4276
139363
7306
4547
4351
79796
56244
11232
4286
391719
4126
7486
7117
6898
340460
80207
7391
594
4540
5828
2934
22837
388125
2243
1758
26258
391524
493753
5447
100270950
2539
84162
2896
215
10239
116028
10020
5257
2671
84062
2829
1244
2629
23025
644020
7919
2184
352961
54536
6927
1029
5160
5476
284119
285362
64421
3481
142680
283598
26503
203228
94241
5663
5193
8546
5264
1493
8671
1355
8809
57178
253013
1230
472
89781
4026
22979
55215
5491
9223
2068
29851
6890
6514
4261
164656
445
22845
4744
525
212
51422
6048
6524
1233
3109
145741
5896
7092
100270859
100270938
348
2073
2542
2074
54664
359758
283460
55670
9861
65266
34
3559
8443
2158
287
3077
3920
3988
100270945
359775
100130239
5796
84233
7508
4439
5092
427
84811
8935
10363
1594
7103
57679
114182
3630
4598
80331
95
4539
5354
155061
26191
1373
85365
65125
3251
440138
6928
3651
115352
5189
5289
9382
54982
8658
2517
166336
2990
84823
116935
79783
1161
5122
54602
30061
1071
3123
6480
3107
255738
6891
55315
4728
723961
846
6569
2110
5660
8813
1717
56606
36
4535
6519
3172
3990
26119
3586
100131609
53335
64135
100271203
221895
7415
116985
4023
22836
22920
2646
6337
640
57118
7841
645345
1340
9370
1639
3479
1593
54665
998
7389
51
5897
9709
378805
100271600
54658
5095
8807
5837
4072
5506
7390
79660
40
3074
1852
4514
100270981
19
2178
100270925
10195
2582
7916
79667
55323
4541
54822
3784
8859
2799
10019
2065
55120
10128
6753
249
677828
79158
6833
55277
2177
729611
340024
5261
4008
2235
246778
157638
344
2055
79571
229
23064
3636
53940
412
5144
2956
1203
23308
2591
5771
79068
57827
4281
9905
167826
4536
389203
3254
2113
185
168850
3767
5213
8462
5428
25839
26471
91869
5937
5096
7917
4436
7148
10477
686
84450
6834
6521
57624
7276
3257
5162
7466
7297
1585
275
9559
63951
9217
5619
57817
4000
6517
54901
8872
6901
23101
7054
112817
5194
51128
2108
57829
1184
4723
3939
2395
383
55423
6341
493856
56945
411
2720
4247
6262
10665
1807
3081
8567
100147745
63892
50484
6338
5468
5236
4864
5994
4292
3592
6448
55328
2683
3304
28976
79087
4512
3815
431704
8625
6934
169026
5860
1352
11200
56052
3667
79840
6014
729288
10555
37
7048
29121
410
57514
8549
116519
10157
3976
256471
3425
22807
10577
2263
2538
2187
3949