5251
493753
5447
79803
2539
138050
215
5184
8074
10020
189
5257
51251
84062
1244
2731
2629
2760
51151
27034
7369
5836
2184
5190
10466
335
5160
5476
54657
284119
285362
5871
142680
374291
7421
5009
26503
8675
5193
779
8546
5264
2588
540
8671
4513
1355
3373
875
89781
84342
3931
5195
8540
6770
6514
4538
51204
445
22845
10312
525
212
51422
148738
2109
2203
6524
178
388552
7092
2997
5824
348
1589
2542
5373
55670
5192
65266
34
8443
3077
3920
29929
4948
3988
79053
359775
6340
4758
210
7036
26580
35
5092
55343
427
1594
1806
114182
4598
80331
95
5354
1373
85365
3145
65125
440138
3251
857
538
5189
5289
9382
54982
2517
2990
9380
91949
79783
593
30061
5255
116085
255738
149998
4728
6569
120227
2110
9997
5660
8813
2592
1717
11234
56606
3284
36
6519
50617
4535
3291
26119
5538
1513
2632
5053
7536
55065
4023
84572
3949
6329
6337
2548
3242
2778
7841
1340
2670
5830
175
1586
3073
5191
5649
1593
1798
847
7389
51
10559
1629
54658
5095
5837
9409
7390
40
4069
3074
4514
19
10195
2582
79667
2717
4541
2799
6609
1729
10128
249
1471
79158
57192
4125
1584
2895
340024
5261
2235
1201
344
2055
229
257397
435
6559
53940
412
4306
5224
1203
4281
10165
2584
185
5213
4508
5428
25839
91869
5096
54875
6389
686
6834
1636
1200
6521
84343
7276
3257
2581
5167
5162
1585
275
2639
443
9180
57817
2653
4000
4935
4537
6901
112817
4669
5194
51128
2108
8504
760
7299
1184
4723
3939
338
383
27329
6446
3141
6341
3423
5091
1738
4952
411
2720
1371
4247
9526
1807
224
7547
11136
183
5498
3081
1509
5972
6338
5236
4864
1497
6448
2683
2998
28976
79087
4512
3815
5256
84871
5860
1352
139363
56052
7306
6014
4547
10555
37
4351
79796
410
4286
116519
10157
256471
4126
3425
10577
7117
6898
2263
7391
594
4540
5828
2538
2243
1758
26258