5251
3569
5447
23657
501
864
8074
10020
2131
4049
415
389434
673
7369
8291
9782
1280
5894
203859
1311
4620
10758
4088
3481
5871
142680
7421
100129584
60681
2010
7138
8675
4920
6261
6949
2693
779
1836
1493
50937
8878
392255
1293
23224
3309
10491
1482
1756
150538
1291
859
8483
2692
7080
8540
9241
2273
7046
10660
4538
6583
26147
10312
729816
1292
121340
79574
4703
6775
3837
149233
4277
3119
2218
7092
6496
7050
55624
1387
3265
1235
7124
7128
10133
4488
2074
3845
7273
2132
4893
10599
1785
3132
3559
8443
10683
391282
389715
4318
4591
1277
54829
359775
132884
25978
4758
958
196527
4148
23175
64221
51752
10682
3135
3736
284274
1594
207
200734
23534
114182
3643
50964
26191
9658
7291
7056
389136
115352
5289
1298
56172
374654
1161
259308
100270956
5176
9131
344462
9451
952
4313
3123
3107
23592
116085
2254
23345
405753
4795
5479
169792
81839
4982
120227
7038
9499
7474
10585
55937
58
6654
64419
8022
4535
4750
56606
1073
7227
100169835
1513
6899
9401
4853
5728
29954
79147
7536
5781
3899
57539
3118
3248
200728
84572
83648
6329
326
640
2778
4618
2487
25949
6662
7253
5191
2261
5649
54665
51082
1435
4625
2690
4282
90355
79659
90
5339
291
8557
40
2121
652411
54510
4514
2200
344423
157570
6777
79667
1760
10085
390594
100271278
4541
164832
3516
64840
10678
147
1297
1302
23046
9755
79158
5307
57192
3663
7058
8707
79577
390283
2895
2737
5727
2657
9533
137814
257397
22918
2697
53940
3339
81794
9496
1278
7555
3239
353011
167826
389203
4010
5213
5428
2318
1186
50945
54875
1299
11170
4626
5167
3127
6528
6399
139285
4855
51059
8792
4000
6452
3593
6445
64175
50506
23314
5966
22954
100270827
9842
2033
760
59341
1184
4154
860
6446
23569
267015
6444
8106
10584
351143
3977
400867
825
2316
10665
2688
7547
3117
5745
2736
2260
7546
50484
7185
56652
79722
1180
28962
4512
6442
64327
4055
8481
871
84871
6366
9469
4276
3844
8200
139363
6469
7169
6014
55997
8820
7048
56244
205327
274
6443
11232
4487
5352
23263
7117
7170
2263
4041
4540
8600
5211
7040
100507436
4534
8241
7476
1758