51201
92521
79142
84925
2531
2131
645668
7994
9049
673
4066
115761
8030
51592
200942
100270953
6927
1029
6098
25865
5820
5546
604
84168
153090
5914
23187
5077
5462
5002
54556
10962
8648
100048912
285176
26154
4629
1019
54904
6988
8915
8082
6793
55193
4841
56169
27241
100288517
1385
79827
27125
100271144
595
80184
5573
8091
675
472
6760
4026
7015
8522
5324
4928
2324
79608
1649
7704
4299
11236
3205
8626
3558
2000
201163
55717
55289
7030
605
8178
3119
3868
5155
3932
4771
81037
4600
8115
1387
3265
8028
1033
5087
51750
3845
2132
4893
2308
199713
399
862
5371
4683
3132
5987
657
54738
1277
9321
3092
8314
238
29113
6391
3131
100271618
353238
58480
7157
8301
57531
7517
8795
6757
9516
84159
63976
5156
4791
285527
4507
8701
23085
10215
466
8643
3123
4869
729536
8805
4089
4609
6929
348801
2213
10006
6887
2313
8929
79145
83605
6862
23305
5108
4515
9855
861
6491
6794
25
473
8021
86123
8558
867
128869
4968
596
2060
608
10801
727837
83417
57120
23092
6886
5728
116093
843
3394
3118
5781
221895
11281
9258
27086
2120
57476
23405
2778
3717
2034
1499
89884
2261
89795
2309
57670
9950
1761
8031
602
7468
11235
1755
57509
580
613
4157
5890
50515
8398
5290
23512
64783
5925
3709
694
84936
100131561
4330
2317
79663
64324
6176
6421
54949
10499
4300
100272147
3431
6598
4253
3621
79476
4233
6392
10600
140856
5727
10272
25925
26511
4094
5079
4004
3791
5979
10320
343045
54986
889
7428
4763
162967
6389
57591
7913
6597
2064
6756
4626
23095
2130
949
3127
2322
4298
2271
29844
285834
9375
2115
7249
5081
2122
401237
5450
130540
338376
172
124540
2033
2078
79058
7299
5159
55770
7490
267015
8013
4595
3977
4297
3662
3973
4005
2521
3117
4914
11146
3195
324
57082
5468
4303
4302
11262
57569
4292
8312
3417
64895
3815
57419
1656
4276
23048
100128431
11200
79482
55654
254065
79184
154215
7175
28992
401475
154288
865
6390
8833
390218
51684
10342