51201
23095
84925
949
2271
2034
9375
5987
1499
657
9049
673
57670
8030
9950
51592
8031
401237
6927
8314
580
1755
6098
238
57509
5820
5546
4157
353238
79058
23187
58480
5290
5925
55770
7157
54556
7490
100048912
267015
285176
26154
4595
3977
100131561
8795
9516
79663
8915
8082
3662
6421
55193
4841
56169
100288517
4914
595
324
23085
8643
3621
5468
4233
6392
675
4292
8805
8312
5324
4089
3417
7015
3709
140856
8929
79145
79608
5727
57419
4276
5108
11236
473
4004
201163
4968
55717
5979
7030
7175
7428
3119
57120
4771
5728
116093
3118
162967
3265
1033
51750
390218
2064
51684
10342
2778