51201
577
5071
55214
84925
125
2494
57497
54796
22891
4437
9049
673
10371
5157
2255
51592
4254
6927
5820
5546
57609
6582
354
217
9940
4088
5462
5002
22800
100048912
222643
23301
999
7141
54904
5630
8082
2304
100270908
51312
51562
55193
441073
79728
23466
4841
56169
27241
25817
387044
6563
595
1293
80319
57178
3106
84075
5305
5395
219931
5168
7032
26137
5573
675
55190
7015
79695
4092
28
898
4601
100271015
51741
11236
8626
353003
1316
201163
7030
4824
3119
80762
83636
11278
7399
81037
100271222
116159
3265
8028
1033
120376
3845
2192
10611
4214
8125
862
4683
4285
55504
657
578
50805
25978
8897
1136
196374
10391
100271372
208
60528
207
79875
7157
6928
389136
11178
100147754
57531
7517
391679
22834
6041
4477
352995
4916
5888
1956
6288
374654
2272
8313
339799
466
353021
3123
5562
638
10568
4978
387934
4089
3709
51079
4609
8193
253461
7337
84790
1027
100270871
650
861
131
29086
55729
6794
646192
100271197
79887
23022
8000
4968
9833
100133193
7227
5889
387122
80724
80205
347730
222546
430
5728
116093
843
646255
6580
53335
3118
2834
11281
6498
23405
367
2778
10232
3232
672
4046
2042
2034
6049
1499
6662
113510
2261
84312
100271596
54535
1761
402123
26579
346171
57509
27030
3655
4072
4340
647121
5290
4293
57161
5925
392382
22853
5606
728615
80129
81848
79663
652
5010
6421
6447
55892
729582
26278
150094
200315
340602
80031
644540
1452
4233
79577
2737
157638
152002
3198
123688
1601
5144
2956
4221
58472
283450
9497
5979
8667
6289
7428
60678
54790
392371
4763
6581
7917
4436
26585
347292
220959
10460
2064
653268
4626
4983
23095
949
353002
2271
5892
2099
4522
85415
2122
112744
80018
100128390
401237
4856
7054
11221
100189492
79058
571
122525
63877
23362
7490
51196
267015
4595
153572
972
3973
728484
3231
137868
3117
324
63892
3911
10
643503
100130409
2677
83990
4481
10884
4292
8312
4512
27324
94274
647201
4276
11200
285829
7048
3659
3817
8673
352997
79083
2048
7486
401475
283491
2263
390218
81847
7031