51201
577
5071
55214
92521
84925
79142
2531
125
2131
2494
645668
57497
54796
22891
4437
7994
9049
673
4066
10371
115761
5157
8030
2255
51592
200942
100270953
4254
6927
1029
6098
25865
5820
5546
57609
604
6582
84168
153090
9940
5914
4088
354
217
23187
5077
5462
5002
22800
54556
10962
8648
999
23301
100048912
4629
1019
222643
54904
285176
26154
7141
5630
6988
8915
8082
2304
100270908
51312
51562
6793
55193
441073
79728
23466
4841
56169
27241
25817
100288517
1385
387044
27125
79827
6563
595
100271144
1293
80319
57178
3106
84075
5305
8193
5395
80184
219931
5168
7032
26137
5573
8091
675
472
6760
4026
55190
7015
79695
5324
8522
4928
4092
2324
2068
79608
1649
28
7704
898
4601
4299
100271015
51741
3205
11236
8626
353003
3558
2000
1316
201163
55717
55289
8558
7030
605
4824
8178
3119
80762
83636
3868
5155
7399
3932
4771
11278
81037
4600
100271222
116159
8115
1387
3265
8028
1033
5087
51750
2073
120376
3845
2192
2132
4893
2308
199713
399
10611
4214
8125
862
5371
4683
4285
3132
55504
5987
657
54738
1277
578
50805
25978
9321
8897
1136
7508
3092
8314
196374
10391
100271372
238
29113
6391
3131
208
60528
100271618
7507
207
353238
58480
79875
7248
7157
8301
6928
389136
11178
100147754
57531
7517
391679
8795
9516
6757
6041
4477
84159
22834
352995
4916
5888
63976
5156
4791
1956
6288
285527
374654
4507
79887
2272
8313
8701
23085
466
10215
339799
8643
353021
3123
5562
4869
638
10568
729536
4978
8805
387934
4089
4609
51079
6929
10006
2213
6887
348801
2313
79145
8929
83605
1027
6862
23305
8379
7337
84790
100270871
5108
4515
650
9855
861
131
29086
6491
55729
6794
25
473
8021
646192
23022
867
86123
4968
9833
100271197
596
608
2060
128869
10801
5889
100133193
7227
387122
727837
80724
80205
347730
222546
83417
57120
23092
430
6886
5728
116093
843
147138
3394
646255
6580
53335
2834
5781
221895
3118
11281
9258
27086
6498
2120
57476
23405
367
2778
286749
10232
3232
3717
672
4046
2042
2034
6049
1499
6662
89884
113510
2261
84312
89795
2309
9950
57670
100271596
54535
1761
1643
402123
26579
8031
346171
602
7468
11235
1755
57509
580
613
4157
5890
27030
50515
3655
4072
8398
4340
647121
5290
4293
57161
23512
5925
64783
11322
22853
392382
3709
5606
694
84936
728615
4330
2317
80129
100131561
79663
81848
652
64324
6176
253461
5010
6421
6447
729582
55892
54949
26278
10499
150094
4300
100272147
3431
200315
340602
80031
644540
4253
701
6598
3621
1452
79476
4233
6392
79577
10600
57706
2737
157638
140856
152002
5727
3198
10272
123688
1601
5144
25925
26511
4094
2956
4221
5079
4004
58472
3791
283450
5979
9497
10320
343045
827
8667
54986
889
6289
7428
60678
54790
392371
4763
6581
7917
4436
26585
162967
347292
6389
2072
57591
6597
7913
2064
220959
10460
6756
653268
4626
4983
5429
23095
2130
949
3127
29844
2322
4298
2271
353002
285834
9375
5892
2099
2115
4522
7249
8000
5081
85415
2122
112744
80018
100128390
401237
5450
130540
4856
7054
338376
11221
172
124540
100189492
2033
79058
2078
571
7299
122525
558
5159
63877
55770
23362
7490
51196
267015
8013
4595
972
3977
4297
153572
3662
3973
728484
4005
2521
3231
137868
3117
4914
11146
57082
3195
324
63892
3911
10
5468
4303
643503
4302
2677
100130409
83990
4481
11262
57569
10884
4292
8312
3417
64895
4512
27324
3815
94274
57419
2071
1656
1028
647201
4276
23048
100128431
11200
285829
51517
55654
254065
79482
79184
7048
3659
3817
154215
8673
7175
352997
28992
79083
2048
7486
401475
8833
154288
865
6390
283491
11320
2263
390218
81847
7031
51684
10342