1785
4747
7879
23095
123606
10558
23503
3897
16
1778
4522
23111
5649
5191
7249
170302
8518
4000
118813
3315
1959
7846
3236
2617
10564
6687
11235
26580
6683
55640
3798
4524
81846
8988
57716
54820
9907
5631
59341
5354
57165
144165
9896
65125
7248
5048
347733
9516
4359
79628
9215
2316
374654
5264
9197
51324
50937
4914
2736
121512
9927
2018
1293
8320
7840
54332
22948
7546
1641
3329
9897
8139
1291
80781
3679
83605
26353
81839
5727
79152
6862
80208
2705
9289
65055
8898
6469
1292
3476
79840
9990
5376
1786
8820
4548
9420
4803
547
2218
8565
6496
7050
5728
10397
51062
79147
57190
81857
4552
4488
3735
10908
9517