4519
203238
138050
2733
10558
6647
611
6326
351
3786
2731
8893
10913
2760
53832
5836
7102
6403
5190
2314
8291
2780
2904
113278
124590
335
203859
5820
9108
945
7936
51114
8912
54820
162540
9126
338399
374291
5009
10228
6535
100048912
4280
1006
7138
347733
644150
6261
950
926
779
79628
79970
81622
7098
56169
540
50937
121512
1293
3373
22948
347344
9203
1804
80184
2259
9570
8139
875
3679
1103
859
7080
5195
8622
2036
2273
157708
4538
23209
51204
8898
29978
729816
9990
1859
4703
8891
3785
6565
6197
4277
64231
547
4137
51185
2902
3119
440836
5308
23133
7050
6496
2580
51338
55624
1387
2997
8028
5824
10404
10133
114798
5460
643680
10075
79738
3897
5192
3132
5521
450234
2135
1822
1861
2892
338567
116442
25978
5747
4758
554251
55129
64221
241
773
1591
10538
26580
6311
7305
677
64374
57165
10347
9896
7157
343641
5048
538
6606
9516
158866
11315
1144
374654
593
25793
56832
9131
112476
25953
9451
5255
339263
7552
26766
9897
9439
93986
1967
9445
123016
965
80208
1013
65055
401884
2592
54805
64332
25861
79031
8022
10919
65109
57449
785
100128646
4976
10801
5538
387122
9179
23498
7074
6908
5956
5728
5053
84059
29954
79147
3118
2332
80025
582
341
84572
55737
6329
2548
84286
367
3242
1453
2778
9517
5626
4618
54209
4647
9150
2670
140803
92949
16
6513
5830
9524
1778
23036
3073
5191
2261
5649
57167
27074
1629
3236
4625
6687
117289
2652
23636
11141
11235
8242
9409
4905
5339
291
4340
8557
3087
9627
2563
3122
5913
6487
4854
6792
1760
2717
390594
56979
65018
6346
9197
6609
1135
221527
10084
1729
1302
27429
7840
114134
717
1471
57192
100130889
3112
8864
627
6310
25814
60468
114327
2743
2737
1201
57674
23435
2705
435
1282
10479
337880
3565
6955
629
10892
668
57194
5224
8831
129880
2668
7555
5341
84660
84295
1261
10165
2584
1813
2554
4803
23189
10461
4508
7592
253782
57190
6389
84061
154881
1636
1200
2566
7879
23095
5789
2581
29119
23503
3127
283
54207
4855
7249
132789
443
646583
8518
3593
2653
285489
1145
6445
2043
4935
4035
4537
64321
22954
5080
8504
400403
2033
8988
79054
100129583
9907
55650
8740
23431
8910
3423
267015
8106
100189469
747
5091
170679
1738
4952
3120
9215
825
2521
4239
3117
2736
6567
5664
1641
1509
2741
7957
5654
3329
6607
57477
253018
84894
2664
56652
6323
161582
2998
6442
1180
401250
27324
5256
10895
80036
4862
5583
55605
5932
4276
7345
25836
3476
583
8820
56244
274
6443
54862
5173
11232
10438
4287
8565
152100
6335
1123
6898
80207
594
4540
5828
2934
5146
84239
5071
2896
55103
215
7412
10020
55775
5257
4234
2629
1141
9049
23025
644020
6658
4593
22898
170302
131368
7919
10002
2184
3315
1008
352961
5607
2617
54536
8890
10452
9782
4620
5160
2290
6683
5476
55640
4524
4724
84100
84623
285362
6855
65217
378884
7473
51435
56922
26503
203228
2010
100133941
1981
5663
5193
85453
6712
942
5264
27241
1355
5063
8320
23224
3778
54332
3106
10743
1756
1291
472
2921
55145
2692
5491
147081
6663
1134
9289
27286
1041
445
4744
23607
1292
51422
2245
1786
4548
26260
3109
7399
3868
2218
4771
2334
1476
11253
10397
51062
116379
3028
54840
81857
348
84769
25902
2542
91147
4488
2074
868
54664
7273
1814
10908
359758
10599
8195
1785
4747
79955
54465
55670
100271506
3559
6101
3920
64072
23111
100270961
9211
3708
5796
1959
1191
84233
9640
3798
5092
427
3736
81846
2315
1594
57716
57679
4336
55998
4598
80331
95
4539
5354
55212
155061
1373
10083
65125
3251
7248
24140
8301
729075
1181
1495
5189
5788
54982
2517
166336
7132
8573
63976
116935
728299
6530
1161
85300
80704
54903
952
3123
3107
79809
81615
339761
6891
51205
6239
23345
146057
9459
26058
4728
2562
1378
7337
8929
81839
83605
846
6862
9499
2041
10585
5660
58
64419
6872
10939
8938
83696
4535
921
1073
57111
9420
90167
23400
80205
166379
100131609
3394
15
8575
4552
9856
7415
22920
23230
4668
2153
120892
1639
344558
3479
678
23666
267016
1330
57502
998
146227
160365
8243
51
6148
55777
199
5582
546
8292
8398
27120
6611
144165
2512
3074
4514
19
8449
23096
7916
2582
4359
4541
1741
3060
54822
283226
81704
3508
477
51324
147
7319
9927
2565
51057
8450
6598
79158
8492
148867
2643
80781
55277
186
340024
400591
5261
9846
26353
8934
79152
9968
2055
5727
3198
6774
1946
23064
5144
1203
255928
11277
27072
5376
4536
10369
3827
7428
478
2318
5428
90627
4763
9811
7917
7148
4204
51473
66037
5621
6834
3735
4983
5819
3184
7276
5162
123606
9037
6263
353002
728458
7466
7401
2147
5456
1585
4522
275
9217
6507
4000
118813
8892
4211
7846
2294
10564
10528
7054
585
2571
3064
5194
1137
54806
51128
442524
4154
5631
4723
59341
2395
383
54714
3748
6444
641339
8477
2182
57094
493856
3662
411
2720
2316
10665
2688
4914
6314
10159
2018
7546
254428
5594
83943
50484
4973
56997
7991
5236
4864
4815
11262
57465
6448
4512
923
8905
114781
9901
59
1352
5860
23271
6622
254065
7169
6469
79840
1140
80975
410
130013
3575
352997
10157
256471
3425
285513
10577
7170
2898
7443
4534
454