4647
215
138050
140803
611
55775
6513
9524
3479
6658
57502
170302
146227
7102
8243
10002
51
55777
2780
2904
2652
11141
124590
5160
5582
2290
546
8242
84623
65217
6855
51114
291
9126
6611
10228
6535
23096
6487
6261
926
4359
1741
6712
81704
7319
5063
10084
1729
1302
3373
3778
8450
347344
9203
2259
8492
2643
6310
25814
472
186
55145
7080
8622
2036
6663
9968
2055
23064
10479
1282
27286
8831
255928
1859
51422
2245
84295
1261
6197
10369
1813
3827
547
4137
51185
2902
5428
7399
26260
478
2334
23133
7592
11253
1387
3028
4204
51473
84061
4983
10075
79955
5162
728458
5521
7466
7401
5456
3920
64072
3708
1861
2892
6507
116442
10528
55129
64221
773
9640
26580
6311
3736
5080
2033
4336
55998
5631
55650
10083
3251
54714
3748
24140
343641
3423
8910
538
641339
747
2182
493856
158866
3662
8573
6530
6314
85300
112476
10159
6567
25953
9451
50484
7552
56997
7991
57477
2664
9439
56652
6323
23345
6448
146057
9459
93986
161582
8905
9901
55605
1013
25836
25861
6872
10939
254065
3476
83696
65109
785
80975
54862
5173
11232
4287
3425
6908
5956
84059
8575
6335
2332
9856
2898
5146
84239