1639
10558
4618
2733
6647
10020
16
1778
5191
23025
998
4593
3315
3236
2617
8291
4625
113278
9782
6687
203859
335
4620
6683
8292
5339
291
8557
2010
203228
19
7138
5913
6261
1760
390594
779
4359
4541
54822
79628
79970
5264
3508
51324
9197
121512
9927
1293
23224
7840
54332
22948
6598
1804
1756
8139
1291
1103
55277
859
2743
26353
2273
79152
23435
1134
4538
2705
23064
8898
4744
29978
1292
5376
1786
7555
4703
4803
547
2318
5428
2218
4771
4763
55624
10397
51062
81857
10133
7273
3735
10908
10599
1785
4747
7879
7276
23095
123606
23503
3897
283
23111
9217
8518
4000
118813
285489
1145
6445
1959
64221
22954
26580
3798
6311
3736
81846
8988
57679
57716
9907
59341
57165
5354
4154
5631
155061
9896
65125
6444
8106
538
6606
9516
1144
825
2521
4914
56832
9131
2741
6607
50484
3329
9897
56652
23345
6442
1180
9499
10585
80208
58
65055
64419
7169
4535
57449
1073
1140
6443
9420
10801
274
11232
8565
7074
6335
79147
29954
7170
4540
7415
7443
22920
4534
6329
367
9517