4519
5071
2896
54209
55103
2670
10558
6647
120892
1639
2733
55775
16
92949
1778
351
23036
2629
23666
10913
5191
23025
998
27074
146227
3315
3236
2617
10452
6687
113278
23636
335
5582
2290
6683
4724
378884
945
7473
4905
8398
162540
338399
51435
144165
56922
10228
9627
4514
203228
1981
1006
3122
5663
644150
950
1760
9907
926
4359
4541
283226
54822
79628
79970
6712
65018
454
3508
5264
540
51324
9197
155061
121512
9927
27429
7840
54332
22948
114134
1804
2259
9570
6310
8139
25814
55277
55145
9846
8622
1201
147081
26353
8934
79152
2055
23435
4538
2705
23064
8898
4744
29978
1203
23607
255928
5376
1786
7555
4536
5631
84660
4803
64231
547
4137
4508
5428
4771
4763
9811
1476
10347
2580
253782
51338
10397
51062
54840
4204
348
81857
25902
10133
5621
2074
114798
154881
54664
3735
10908
643680
1200
1785
4747
7879
7276
23095
123606
5819
29119
23503
3897
7466
283
5521
450234
23111
7249
443
1861
9217
3708
6507
8518
25978
118813
4000
1959
1191
10528
84233
55129
773
7054
9640
26580
3798
6311
3064
3736
81846
7305
442524
8988
57679
57716
4336
100129583
64374
4539
80331
95
59341
2395
57165
5354
4154
9896
65125
7248
3251
3748
8301
343641
538
747
6606
54982
9516
166336
493856
3662
11315
2521
1161
25793
6314
4914
56832
5664
6607
1509
83943
7957
4973
3329
56997
254428
9451
952
9897
344558
339263
56652
81615
339761
6239
23345
146057
1378
26058
1180
4512
2041
80208
401884
65055
7345
10939
6622
4535
57449
57111
785
100128646
4976
130013
274
9420
5538
5173
4287
256471
8565
7074
6908
285513
80207
4540
80025
7415
7443
22920
341
55737
84286
367
9517