64241
4647
140803
23171
611
55686
6513
83657
9524
6662
3479
2629
286097
3875
170302
9119
10002
120114
3856
2702
2780
2904
55777
2652
10142
1280
5265
124590
25903
11093
401145
729627
54658
84623
65217
7259
291
7390
22822
170553
3782
10228
26503
728615
6487
6261
7352
926
4359
10060
779
3784
121536
60467
81704
25817
3762
4160
400652
1729
1302
8320
3778
3040
23414
403301
64240
1804
3781
4734
8492
3753
2643
9992
3764
1286
80781
859
55145
3741
7080
23635
2036
6663
10021
29851
2055
4613
256076
1282
26281
3759
100271091
284217
1060
8831
4094
3031
9990
1859
387101
79068
5079
1285
84295
1261
2509
10369
1813
3751
547
4137
51185
84239
5428
7399
2902
478
56311
11278
7092
23768
11253
151126
5308
100130338
6640
9369
50674
51473
55742
4488
79955
497258
5167
2581
4685
3897
9722
728458
4878
8661
7401
287
2660
463
2099
64072
657
387119
54738
100147821
3048
1861
54901
8431
100128390
116448
64221
26580
11221
3757
4208
6331
5080
84441
1811
4336
55998
558
442216
55650
26957
100189470
10083
54714
79813
8910
284252
23562
729075
11216
390345
3662
3039
2990
2152
10653
6530
340895
6468
29994
85300
64848
644
112476
126969
25953
9451
50484
5443
5468
7991
4624
100271434
728409
8029
9439
56652
6323
93986
22971
161582
117583
401089
3952
181
9901
55605
1013
140464
25861
6872
775
2890
3476
83696
80975
60401
54862
11232
1803
100271317
7903
2632
346711
5956
5728
79822
84059
8575
6335
1308
98
6330
9856
2898
25771
60529
5146
367
2778