1524
10554
79955
93589
4647
6103
360023
55812
5978
24
4867
728458
80864
7401
6101
221416
3080
6785
64072
6017
7099
718
118663
387715
59338
6010
10002
7439
5995
50939
285600
221294
9709
6094
5146
2652
6295
1280
124590
6102
346007
3078
8797
84100
1797
65217
343450
58504
388939
5444
7936
79947
83394
84898
8224
3769
5925
130557
10083
1001
1406
54714
83552
84839
81494
4901
7422
10594
1259
8842
6261
2978
6100
22999
768206
84140
8754
778
8859
220202
57096
25794
3075
10877
167691
343035
2979
114902
10210
169522
6247
221527
7078
1302
2165
23746
26121
717
5654
1471
81579
1071
80184
92211
23418
145226
6121
4117
7287
3614
123016
6499
762
1258
9227
10585
375298
3420
25861
629
83872
259266
9129
6048
64218
3990
5158
1261
10461
10516
441726
266722
8322
4508
55975
7399
24148
10529
84059
5148
7148
728402
5961
3000
5145
23020
2074
5149
26504
3426
9094