1524
10554
79955
93589
4647
6103
360023
55812
5978
24
728458
80864
221416
7401
6101
3080
6785
64072
6017
7099
718
118663
387715
59338
6010
10002
7439
5995
50939
221294
9709
6094
5146
2652
6295
6102
124590
346007
3078
8797
84100
1797
65217
343450
388939
7936
79947
83394
8224
130557
1001
10083
1406
54714
83552
84839
81494
4901
7422
10594
1259
8842
6261
2978
6100
22999
768206
84140
8754
778
8859
57096
25794
3075
10877
2979
114902
10210
169522
6247
221527
7078
1302
2165
26121
717
5654
1471
81579
1071
92211
23418
145226
6121
4117
7287
3614
123016
6499
762
1258
375298
3420
25861
629
83872
259266
9129
6048
64218
3990
5158
10461
10516
441726
55975
4508
7399
24148
84059
5148
7148
728402
5961
3000
5145
23020
5149
2074
26504
3426
9094