79955
497258
4647
4685
7092
140803
728458
8661
611
7401
6513
55686
9524
83657
64072
3479
2629
100147821
286097
3048
1861
1803
10002
100271317
54901
8431
55777
2780
2904
2652
116448
64221
124590
11093
26580
401145
5080
84623
65217
1811
4336
291
7390
55998
442216
55650
26957
100189470
10083
10228
54714
26503
8910
6487
6261
7352
926
4359
3662
3039
2990
2152
10653
60467
81704
6530
340895
4160
85300
400652
644
112476
1729
1302
25953
3778
3040
126969
403301
50484
5443
9451
5468
7991
8492
728409
8029
9439
2643
56652
6323
93986
55145
161582
7080
117583
23635
2036
3952
6663
29851
2055
181
9901
55605
1013
1282
26281
140464
25861
6872
100271091
1060
8831
4094
83696
3031
1859
79068
5079
80975
84295
1261
2509
10369
1813
54862
11232
547
4137
51185
2902
5428
7399
478
2632
3751
56311
7903
5956
11253
346711
84059
8575
6335
100130338
9369
9856
50674
51473
2898
5146
84239