79803
10554
138050
3918
79934
22891
10913
51151
59067
51592
113189
919
23545
5687
89870
53347
3009
170553
3691
6773
100048912
4280
7141
100270908
3595
441073
79728
2588
595
3373
283165
3309
5168
675
875
1286
3133
7015
80736
2175
128178
27032
64581
26147
729816
121340
8626
3558
2706
6775
4277
3119
388552
11118
116159
1235
7124
7128
3845
2192
5460
4893
4214
8341
4683
2312
3132
4948
389715
353145
132884
958
210
51752
3092
26580
29113
177
114904
208
7507
6821
200734
23534
3643
1997
3145
10125
80760
857
538
100189529
5246
259308
5176
29777
344462
339799
1588
2212
23592
1287
22971
414777
4795
100130988
6654
29086
10919
6794
11234
473
100133193
7100
5889
387122
9401
1308
3118
11285
326
367
672
4046
1896
730070
5346
353010
2261
8635
353094
4014
9119
81797
488
1643
3853
394254
90355
5339
4340
647121
2121
5290
349158
147495
344423
25780
3122
80129
78994
84952
729582
3516
284382
150094
3684
221527
717
90134
100130889
3112
3663
353007
121391
3914
23765
55651
7292
267014
629
81794
9496
9497
10320
54899
1281
57152
1290
80326
347292
2072
57713
11005
5017
4627
7051
84343
5429
3857
3127
285834
5892
4855
474354
3593
4935
135644
112744
1380
5966
5089
84547
11221
100270827
4669
8517
1797
127534
11074
7299
117581
3423
267015
170679
3120
1371
224
3117
7918
5498
1289
100130409
259197
253018
7185
79722
1294
1773
10884
309
84648
150221
401250
27324
1075
2071
55851
64375
4276
285829
221584
5980
7306
22861
404672
56244
60401
6941
10516
4286
91
696
401475
283491
390218
5211
81847
55806
1828
26258
3569
577
9474
10255
394263
4049
54796
84062
340198
11127
5133
673
10371
2255
352961
134510
100270953
4254
5894
10758
3115
729627
831
284119
57661
55024
2615
64288
5462
1460
60681
26154
79692
121260
5663
4920
780
11181
8546
388698
1493
9733
57178
3106
387046
10491
4734
7920
89781
4026
5491
643418
2068
7741
9509
10318
1041
6583
2707
212
6048
100129921
1285
135656
149233
3872
3002
3868
639
5831
10340
2073
375616
5818
3559
3077
721
1277
8870
7508
26277
4439
3135
10161
207
4015
4598
79875
26191
242
200879
115352
100147754
7517
2990
4916
84823
5888
116935
387117
3854
126410
10866
3113
3887
3123
3107
2213
401089
5479
9825
57705
55937
114548
9833
23385
80205
3586
9692
100131609
3394
147138
53335
720
3899
59344
5781
56946
3596
83648
63940
100129192
640
1832
646520
267016
54665
64170
54535
7389
2006
7940
6148
55135
4157
4282
368
11120
3655
7390
91662
23
57161
3848
11322
392382
2200
6772
55505
7916
728615
91056
164832
9071
8859
2799
64840
3849
147
3889
3858
4843
54620
2235
3692
286016
7332
645950
412
10804
122589
11277
1278
353011
167826
2113
389203
1736
4010
100189539
2794
7917
4436
7148
11170
30008
3861
3257
7297
2099
147409
4000
64175
2294
170680
4856
100130756
3852
55770
23569
3909
3662
411
2720
10665
136647
3860
5468
100293534
2161
4792
83990
4292
6448
5351
3815
1656
871
6366
115509
3687
11200
80862
710
57176
10555
57514
80271
3425
5352
5317
2263
4041
100507436
3892