79803
577
10554
10255
394263
3918
4049
79934
54796
84062
340198
11127
22891
10913
51151
673
10371
59067
2255
51592
352961
134510
113189
100270953
919
4254
5894
23545
10758
3115
5687
831
284119
89870
2615
53347
170553
5462
3691
6773
100048912
4280
26154
7141
5663
780
100270908
3595
8546
441073
79728
388698
1493
9733
595
57178
3106
5168
675
7920
89781
4026
3133
7015
5491
643418
2068
80736
9509
2175
10318
128178
27032
64581
1041
729816
2707
212
8626
6048
3558
100129921
2706
135656
6775
149233
3872
4277
3002
3119
388552
3868
5831
116159
7124
2073
7128
2192
5460
4214
5818
4683
2312
3132
3559
3077
4948
353145
1277
132884
8870
210
7508
51752
26277
26580
29113
177
3135
10161
114904
208
7507
207
6821
4015
23534
4598
3643
79875
3145
242
200879
857
538
100147754
7517
4916
84823
5888
5246
116935
3854
126410
10866
344462
339799
3113
1588
3887
3123
2212
3107
22971
9825
29086
6794
11234
473
114548
9833
100133193
5889
387122
23385
80205
3586
9692
100131609
9401
3394
147138
53335
1308
3118
59344
5781
56946
3596
11285
63940
100129192
367
1832
672
4046
646520
1896
353010
5346
267016
2261
8635
353094
64170
4014
9119
54535
7389
488
1643
2006
7940
6148
55135
3853
4157
368
3655
5339
7390
91662
4340
647121
5290
2121
57161
3848
11322
392382
147495
6772
55505
344423
3122
80129
91056
84952
729582
284382
64840
150094
3849
147
3889
3858
221527
4843
717
90134
100130889
3112
3663
353007
121391
54620
3914
23765
55651
2235
3692
55806
412
10804
81794
122589
9496
1278
9497
353011
1736
4010
1281
57152
2794
1290
4436
80326
347292
7148
2072
11005
5017
30008
7051
84343
5429
3257
3857
3861
3127
285834
7297
5892
2099
147409
4855
3593
4000
4935
135644
112744
2294
170680
5966
5089
4856
8517
127534
3852
11074
7299
117581
55770
267015
3909
3662
170679
1371
10665
224
3117
5498
136647
3860
1289
100130409
5468
2161
253018
4792
83990
1294
10884
4292
309
84648
5351
401250
27324
3815
1075
2071
55851
64375
4276
11200
285829
80862
5980
7306
22861
710
404672
10555
56244
57514
80271
60401
10516
4286
6941
91
401475
5317
283491
2263
390218
81847
100507436
3892
1828
26258