30008
7051
79803
84343
1832
5429
3257
3857
5184
5818
3861
2312
3918
1896
84062
3077
11127
4948
10913
51151
1277
4014
132884
7389
488
1643
2006
113189
4935
55135
3853
210
7508
26277
23545
8517
127534
368
3852
3655
5339
7507
7390
91662
4015
7299
2121
4598
117581
3848
3691
3145
242
2615
118429
26154
55505
3909
91056
8546
1371
388698
3854
64840
126410
3849
224
284382
9733
3889
3858
5498
136647
3887
3860
1289
5017
4792
1294
89781
4292
3914
7015
5351
55651
2235
3815
643418
2068
1075
2071
9509
128178
27032
412
10804
81794
2707
212
7306
8626
1278
11234
404672
114548
2706
57514
1736
3872
10516
4286
1281
57152
388552
3868
9401
1290
5831
5317
4436
80326
1308
59344
56946
2072
11005
2073
11285
1893
3892
1828
26258