10232
3232
5071
55214
84925
672
2034
54796
1499
4437
6662
2261
2255
54535
1761
402123
26579
4254
5820
5546
6582
354
3655
5290
5462
23512
5925
22853
22800
23301
999
81848
79663
5630
8082
51312
5010
6421
55193
23466
4841
56169
27241
6563
595
200315
1293
340602
80031
80319
84075
5305
219931
4233
675
55190
7015
157638
898
4601
2956
11236
8626
58472
1316
201163
7030
4824
7428
60678
54790
80762
7399
83636
11278
81037
100271222
6581
4436
3265
10460
2064
653268
4983
10611
949
2271
5892
578
50805
25978
100128390
401237
196374
7054
100271372
100189492
60528
207
79058
122525
23362
7490
6928
389136
153572
57531
391679
22834
6041
4477
3973
728484
3231
137868
63892
10
638
2677
4481
4292
4978
387934
3709
4609
8193
253461
7337
94274
84790
100270871
11200
55729
100271197
79887
8000
4968
3817
5889
8673
222546
79083
2048
430
401475
5728
116093
646255
6580
2263
221895
11281
390218
6498
23405
367