5251
55214
10255
84925
8074
2034
189
221416
55686
5830
6648
5310
2261
286097
8395
7369
389840
6744
5190
79611
7029
401145
5546
6582
6909
29107
9409
60677
55589
142680
5462
359
5925
7421
3913
5696
7809
8741
57575
81494
7422
81
4920
5193
4760
11112
79663
8082
6421
55193
449493
23466
3075
4841
8671
27241
90859
6563
595
1729
403301
200315
1471
4233
1286
340024
23635
5195
29851
6514
6559
22918
26281
629
898
4306
10312
100271091
23607
525
11236
1060
3031
51422
8626
201163
1285
1188
7030
185
7428
988
3751
6524
3119
56311
353329
83636
7092
100130338
58500
6092
100270916
3265
5824
449492
10460
204474
1636
7827
4627
6521
5311
57619
5167
55670
949
8416
5192
2271
65266
7466
8661
23780
6665
3077
8542
3758
3116
718
4855
100147821
22925
11122
158222
6340
256356
54901
26011
4643
8897
407977
116448
5076
112817
3557
28991
10863
284274
8504
1594
150280
760
79058
1184
26957
3939
2056
9658
23362
65125
7490
7056
51196
29956
4868
23562
6781
57531
1187
554
100270946
493856
4952
9380
2152
5800
200420
10665
6262
340895
9526
3117
11136
126969
7225
183
5972
6338
551
3123
10
728409
1287
8029
4179
3709
117583
4609
9027
6569
120227
84902
100271209
30011
4603
128822
4257
6557
50617
8000
6519
4968
51071
56965
5314
1803
100271317
7903
80832
346711
646195
116093
9153
2628
3118
64423
11281
5828
390218
2646
3426
254778
6337
1758