203238
5921
10255
79934
351
340198
84722
7369
6403
1008
5294
352961
1909
113189
221692
29761
27436
11245
4524
217
153090
4088
5444
6943
65264
27063
84898
100048912
4280
4629
2022
1879
780
201456
3595
1284
7804
595
948
3106
10743
340351
9992
472
2921
100127911
54984
7015
8622
729992
7046
157708
9509
26031
4538
23209
28
79614
729816
128611
23302
149233
80310
100131893
5308
168455
348
25902
100147818
4048
56996
100130537
100271506
6101
653163
100270961
3077
3988
1277
8997
100130239
441525
8870
55109
241
4040
153339
29113
3135
659
91461
51320
170690
65125
8777
100271444
729075
1495
8658
84159
116935
728299
10151
10866
8701
2212
3107
26766
401492
339761
255738
51205
4089
9445
83605
54805
8938
814
347273
5340
4535
23022
1874
387122
266722
3586
83417
49855
55759
11285
341
143872
283849
2153
3717
128609
11173
353010
267016
2261
1330
100271596
375056
54535
6148
285600
22808
7468
11235
368
79659
343727
728553
79660
4340
23293
7247
7809
51530
2200
84439
4854
4018
2717
652
4541
94
56979
114036
6346
2160
2565
3431
1471
677828
100130889
353007
1952
400591
5593
57674
8882
1946
337880
1282
3565
5144
4094
27072
1278
10512
353011
54986
889
7428
1281
90627
1290
10529
7917
6597
66037
283652
79192
1636
3184
10400
4205
6263
9037
285834
153020
2147
132789
63951
646583
5054
2043
4035
22882
170680
4638
57608
64321
51128
58504
8613
28951
81832
83478
51196
51438
267015
129684
100270844
3662
170679
183
100147745
6387
5654
1289
4973
2161
253018
4815
2266
5351
10895
80036
59
5583
5932
4276
100270983
285829
80862
3667
710
7048
154215
80271
23294
6335
392374
55973
4540
347704
2934
490
5629
2243